17000,0,13428,778
17000,0,13433,775
17000,0,13436,785
17000,0,13424,776
17000,0,13432,773
17000,0,13435,776
17000,0,13412,756
17000,0,13416,780
17000,0,13432,776
17000,0,13440,751
17000,0,13400,776
17000,0,13425,756
17000,0,13420,759
17000,0,13428,777
17000,0,13422,776
17000,0,13412,824
17000,0,13413,780
17000,0,13421,781
17000,0,13413,777
17000,0,13419,776
17000,0,13420,782
17000,0,13444,782
17000,0,13424,776
17000,0,13418,776
17000,0,13426,778
17000,0,13408,778
17000,0,13424,780
17000,0,13420,758
17000,0,7877,764
17000,0,1807,741
17000,0,1311,736
17000,0,1215,728
17000,0,1099,714
17000,0,863,740
17000,0,863,736
17000,0,814,740
17000,0,815,740
17000,0,815,732
17000,0,825,738
17000,0,837,735
17000,0,827,728
17000,0,811,734
17000,0,815,736
17000,0,815,722
17000,0,811,738
17000,0,837,739
17000,0,817,746
17000,0,803,734
17000,0,815,724
17000,0,791,732
17000,0,831,732
17000,0,805,720
17000,0,819,732
17000,0,815,745
17000,0,811,784
17000,0,822,732
17000,0,815,728
17000,0,791,738
17000,0,795,734
17000,0,807,738
17000,0,863,730
17000,0,775,736
17000,0,827,730
17000,0,814,765
17000,0,815,734
17000,0,811,738
17000,0,824,740
17000,0,794,728
17000,0,815,736
17000,0,767,732
17000,0,813,732
17000,0,819,753
17000,0,823,716
17000,0,811,742
17000,0,811,716
17000,0,839,732
17000,0,817,736
17000,0,811,742
17000,0,843,732
17000,0,811,720
17000,0,766,734
17000,0,815,742
17000,0,815,725
17000,0,813,730
17000,0,813,742
17000,0,827,734
17000,0,809,737
17000,0,815,744
17000,0,811,732
17000,0,819,732
17000,0,811,740
17000,0,815,715
17000,0,815,734
17000,0,791,725
17000,0,815,737
17000,0,819,732
17000,0,815,739
17000,0,767,740
17000,0,806,740
17000,0,807,729
17000,0,811,734
17000,0,773,732
17000,0,811,740
17000,0,811,732
17000,0,827,738
17000,0,773,734
17000,0,827,780
17000,0,787,738
17000,0,813,738
17000,0,815,698
17000,0,783,736
17000,0,823,738
17000,0,763,730
17000,0,815,758
17000,0,775,728
17000,0,815,730
17000,0,823,742
17000,0,847,754
17000,0,815,744
17000,0,797,696
17000,0,815,732
17000,0,807,732
17000,0,805,738
17000,0,805,721
17000,0,814,742
17000,0,817,736
17000,0,811,693
17000,0,814,730
17000,0,819,732
17000,0,815,741
17000,0,815,730
17000,0,766,736
17000,0,815,735
17000,0,815,740
17000,0,799,740
17000,0,815,796
17000,0,821,796
17000,0,807,738
17000,0,815,728
17000,0,815,734
17000,0,814,732
17000,0,815,730
17000,0,791,728
17000,0,812,736
17000,0,816,742
17000,0,790,740
17000,0,798,767
17000,0,815,721
17000,0,829,732
17000,0,813,740
17000,0,815,760
17000,0,811,696
17000,0,807,730
17000,0,813,735
17000,0,819,687
17000,0,811,732
17000,0,812,730
17000,0,823,740
17000,0,807,754
17000,0,811,743
17000,0,815,736
17000,0,819,712
17000,0,766,724
17000,0,817,728
17000,0,816,736
17000,0,803,732
17000,0,827,738
17000,0,811,742
17000,0,815,726
17000,0,815,730
17000,0,811,732
17000,0,815,746
17000,0,879,730
17000,0,815,738
17000,0,809,746
17000,0,814,735
17000,0,819,744
17000,0,847,726
17000,0,815,732
17000,0,811,734
17000,0,807,732
17000,0,843,738
17000,0,795,680
17000,0,809,728
17000,0,815,732
17000,0,813,732
17000,0,807,762
17000,0,816,732
17000,0,767,732
17000,0,799,730
17000,0,812,744
17000,0,815,732
17000,0,767,745
17000,0,815,738
17000,0,814,728
17000,0,815,737
17000,0,799,758
17000,0,815,731
17000,0,819,737
17000,0,806,738
17000,0,807,744
17000,0,791,744
17000,0,815,740
17000,0,811,736
17000,0,816,736
17000,0,815,710
17000,0,815,733
17000,0,815,744
17000,0,816,740
17000,0,819,686
17000,0,815,741
17000,0,807,733
17000,0,815,732
17000,0,815,744
17000,0,835,740
17000,0,811,744
17000,0,816,732
17000,0,816,737
17000,0,795,724
17000,0,827,734
17000,0,799,732
17000,0,815,728
17000,0,811,735
17000,0,771,736
17000,0,814,740
17000,0,813,734
17000,0,810,682
17000,0,827,776
17000,0,811,728
17000,0,821,740
17000,0,851,716
17000,0,829,767
17000,0,807,730
17000,0,767,728
17000,0,815,707
17000,0,806,734
17000,0,819,736
17000,0,819,740
17000,0,811,739
17000,0,813,732
17000,0,767,740
17000,0,794,745
17000,0,815,736
17000,0,813,730
17000,0,807,736
17000,0,767,746
17000,0,815,769
17000,0,831,762
17000,0,809,703
17000,0,815,744
17000,0,812,746
17000,0,799,729
17000,0,812,728
17000,0,831,734
17000,0,819,748
17000,0,819,737
17000,0,811,732
17000,0,767,734
17000,0,799,734
17000,0,819,733
17000,0,809,735
17000,0,779,732
17000,0,815,726
17000,0,815,732
17000,0,867,740
17000,0,822,733
17000,0,815,708
17000,0,839,738
17000,0,815,740
17000,0,803,734
17000,0,765,728
17000,0,815,740
17000,0,811,736
17000,0,814,732
17000,0,815,726
17000,0,816,740
17000,0,799,708
17000,0,827,730
17000,0,775,732
17000,0,823,740
17000,0,815,740
17000,0,807,736
17000,0,811,728
17000,0,815,737
17000,0,853,736
17000,0,812,720
17000,0,805,734
17000,0,823,736
17000,0,807,734
17000,0,815,738
17000,0,811,782
17000,0,825,744
17000,0,815,732
17000,0,863,736
17000,0,819,748
17000,0,819,735
17000,0,811,728
17000,0,847,749
17000,0,825,740
17000,0,823,734
17000,0,817,736
17000,0,815,708
17000,0,863,737
17000,0,823,740
17000,0,819,730
17000,0,863,720
17000,0,815,729
17000,0,765,727
17000,0,812,732
17000,0,799,744
17000,0,811,772
17000,0,799,732
17000,0,809,730
17000,0,807,734
17000,0,807,733
17000,0,811,726
17000,0,811,730
17000,0,803,732
17000,0,807,788
17000,0,811,740
17000,0,807,774
17000,0,815,730
17000,0,863,730
17000,0,807,736
17000,0,807,728
17000,0,787,737
17000,0,814,732
17000,0,815,724
17000,0,811,736
17000,0,811,732
17000,0,813,737
17000,0,816,736
17000,0,819,740
17000,0,815,734
17000,0,823,736
17000,0,811,735
17000,0,815,738
17000,0,871,734
17000,0,815,712
17000,0,815,700
17000,0,813,746
17000,0,815,816
17000,0,807,790
17000,0,811,834
17000,0,795,910
17000,0,809,1044
17000,0,816,1156
17000,0,815,1266
17000,0,799,1352
17000,0,799,1442
17000,0,810,1506
17000,0,803,1596
17000,0,817,1663
17000,0,815,1736
17000,0,799,1794
17000,0,816,1892
17000,0,765,1968
17000,0,813,2046
17000,0,807,2125
17000,0,799,2204
17000,0,851,2285
17000,0,815,2392
17000,0,811,2524
17000,0,847,2700
17000,0,807,2856
17000,0,807,3018
17000,0,815,3186
17000,0,817,3362
17000,0,846,3551
17000,0,812,3744
17000,0,806,3948
17000,0,812,4139
17000,0,810,4331
17000,0,814,4549
17000,0,815,4772
17000,0,819,4940
17000,0,807,5139
17000,0,839,5342
17000,0,819,5526
17000,0,847,5758
17000,0,775,5965
17000,0,799,6164
17000,0,823,6376
17000,0,975,6542
17000,0,1183,6684
17000,0,1431,6777
17000,0,1623,6872
17000,0,1898,6963
17000,0,2295,7026
17000,0,2735,7054
17000,0,3243,7087
17000,0,3704,7082
17000,0,4302,7085
17000,0,5247,6927
17000,0,5931,6659
17000,0,6846,6318
17000,0,7810,5948
17000,0,8839,5453
17000,0,9772,4862
17000,0,10490,4205
17000,0,11605,3591
17000,0,12326,3062
17000,0,13204,2594
17000,0,13703,2262
17000,0,14080,2069
17000,0,14350,2030
17000,0,14533,1984
17000,0,14630,2013
17000,0,14592,2020
17000,0,14432,2044
17000,0,14229,2185
17000,0,13824,2490
17000,0,13616,2908
17000,0,13172,3361
17000,0,12648,3824
17000,0,11916,4415
17000,0,11192,5030
17000,0,10813,5624
17000,0,9859,6130
17000,0,9278,6335
17000,0,8761,6458
17000,0,8228,6625
17000,0,7758,6861
17000,0,7423,7089
17000,0,7251,7327
17000,0,6981,7453
17000,0,6943,7464
17000,0,6906,7464
17000,0,6965,7465
17000,0,7121,7468
17000,0,7451,7394
17000,0,7734,7190
17000,0,8080,6911
17000,0,8533,6601
17000,0,9048,6236
17000,0,9619,5812
17000,0,10078,5347
17000,0,10385,4865
17000,0,11218,4428
17000,0,11716,4025
17000,0,12022,3754
17000,0,12280,3616
17000,0,12571,3500
17000,0,12820,3456
17000,0,12956,3480
17000,0,13040,3570
17000,0,13004,3773
17000,0,12992,4044
17000,0,12872,4335
17000,0,12747,4604
17000,0,12520,4854
17000,0,12290,5096
17000,0,12114,5336
17000,0,12008,5566
17000,0,11821,5716
17000,0,11667,5740
17000,0,11604,5727
17000,0,11465,5700
17000,0,11403,5651
17000,0,11392,5570
17000,0,11382,5519
17000,0,11340,5425
17000,0,11370,5456
17000,0,11410,545