0.10, 0.30, 0.20, 0.20808
-0.10, 0.30, 0.20, 0.20835
-0.10, 0.30, 0.20, 0.20874
-0.10, 0.30, 0.20, 0.20800
-0.10, 0.30, 0.20, 0.20720
-0.10, 0.30, 0.20, 0.20786
-0.10, 0.30, 0.20, 0.20889
-0.10, 0.30, 0.20, 0.20796
-0.10, 0.30, 0.20, 0.20809
-0.10, 0.30, 0.20, 0.20823
-0.10, 0.30, 0.20, 0.20829
-0.10, 0.30, 0.20, 0.20811
-0.10, 0.30, 0.20, 0.20812
-0.10, 0.30, 0.20, 0.20789
-0.10, 0.30, 0.20, 0.20841
-0.10, 0.30, 0.20, 0.20807
-0.10, 0.30, 0.20, 0.20810
-0.10, 0.30, 0.20, 0.20831
-0.10, 0.30, 0.20, 0.20845
-0.10, 0.30, 0.20, 0.20738
-0.10, 0.30, 0.20, 0.20831
-0.10, 0.30, 0.20, 0.20876
-0.10, 0.30, 0.20, 0.20795
-0.10, 0.30, 0.20, 0.20839
-0.10, 0.30, 0.20, 0.20820
-0.10, 0.30, 0.20, 0.20882
-0.10, 0.30, 0.20, 0.20815
-0.10, 0.30, 0.20, 0.20764
-0.10, 0.30, 0.20, 0.20836
-0.10, 0.30, 0.20, 0.20824
-0.10, 0.30, 0.20, 0.20755
-0.10, 0.30, 0.20, 0.20763
-0.10, 0.30, 0.20, 0.20863
-0.10, 0.30, 0.20, 0.20802
-0.10, 0.30, 0.20, 0.20864
-0.10, 0.30, 0.20, 0.20867
-0.10, 0.30, 0.20, 0.20822
-0.10, 0.30, 0.20, 0.20813
-0.10, 0.30, 0.20, 0.20871
-0.10, 0.30, 0.20, 0.20794
-0.10, 0.30, 0.20, 0.20788
-0.10, 0.30, 0.20, 0.20796
-0.10, 0.30, 0.20, 0.20828
-0.10, 0.30, 0.20, 0.20763
-0.10, 0.30, 0.20, 0.20782
-0.10, 0.30, 0.20, 0.20822
-0.10, 0.30, 0.20, 0.20780
-0.10, 0.30, 0.20, 0.20769
-0.10, 0.30, 0.20, 0.20868
-0.10, 0.30, 0.20, 0.20802
-0.10, 0.30, 0.20, 0.20795
-0.10, 0.30, 0.20, 0.20864
-0.10, 0.30, 0.20, 0.20885
-0.10, 0.30, 0.20, 0.20845
-0.10, 0.30, 0.20, 0.20853
-0.10, 0.30, 0.20, 0.20844
-0.10, 0.30, 0.20, 0.20807
-0.10, 0.30, 0.20, 0.20770
-0.10, 0.30, 0.20, 0.20856
-0.10, 0.30, 0.20, 0.20803
-0.10, 0.30, 0.00, 0.20825
-0.10, 0.30, 0.00, 0.20836
-0.10, 0.30, 0.00, 0.20790
-0.10, 0.30, 0.00, 0.20745
-0.10, 0.30, 0.00, 0.20812
-0.10, 0.30, 0.00, 0.20823
-0.10, 0.30, 0.00, 0.20773
-0.10, 0.30, 0.00, 0.20775
-0.10, 0.30, 0.00, 0.20850
-0.10, 0.30, 0.00, 0.20791
-0.10, 0.30, 0.00, 0.20735
-0.10, 0.30, 0.00, 0.20831
-0.10, 0.30, 0.00, 0.20811
-0.10, 0.30, 0.00, 0.20787
-0.10, 0.30, 0.00, 0.20845
-0.10, 0.30, 0.00, 0.20883
-0.10, 0.30, 0.00, 0.20758
-0.10, 0.30, 0.00, 0.20825
-0.10, 0.30, 0.00, 0.20820
-0.10, 0.30, 0.00, 0.20798
-0.10, 0.30, 0.00, 0.20838
-0.10, 0.30, 0.00, 0.20865
-0.10, 0.30, 0.00, 0.20755
-0.10, 0.30, 0.00, 0.20748
-0.10, 0.30, 0.00, 0.20854
-0.10, 0.30, 0.00, 0.20802
-0.10, 0.30, 0.00, 0.20799
-0.10, 0.30, 0.00, 0.20818
-0.10, 0.30, 0.00, 0.20775
-0.10, 0.30, 0.00, 0.20827
-0.10, 0.30, 0.00, 0.20836
-0.10, 0.30, 0.00, 0.20778
-0.10, 0.30, 0.00, 0.20793
-0.10, 0.30, 0.00, 0.20797
-0.10, 0.30, 0.00, 0.20829
-0.10, 0.30, 0.00, 0.20792
-0.10, 0.30, 0.00, 0.20857
-0.10, 0.30, 0.00, 0.20789
-0.10, 0.30, 0.00, 0.20791
-0.10, 0.30, 0.00, 0.20819
-0.10, 0.30, 0.00, 0.20812
-0.10, 0.30, 0.00, 0.20767
-0.10, 0.30, 0.00, 0.20791
-0.10, 0.30, 0.00, 0.20845
-0.10, 0.30, 0.00, 0.20823
-0.10, 0.30, 0.00, 0.20777
-0.10, 0.30, 0.00, 0.20844
-0.10, 0.30, 0.00, 0.20833
-0.10, 0.30, 0.00, 0.20809
-0.10, 0.30, 0.00, 0.20858
-0.10, 0.30, 0.00, 0.20835
-0.10, 0.30, 0.00, 0.20748
-0.10, 0.30, 0.00, 0.20776
-0.10, 0.30, 0.00, 0.20834
-0.10, 0.30, 0.00, 0.20771
-0.10, 0.30, 0.00, 0.20785
-0.10, 0.30, 0.00, 0.20843
-0.10, 0.30, 0.00, 0.20830
-0.10, 0.30, 0.00, 0.20774
-0.10, 0.30, 0.00, 0.20880
-0.10, 0.30, 0.00, 0.20843
-0.10, 0.30, 0.00, 0.20816
-0.10, 0.30, 0.00, 0.20856
-0.10, 0.30, 0.00, 0.20838
-0.10, 0.30, 0.00, 0.20766
-0.10, 0.30, 0.00, 0.20858
-0.10, 0.30, 0.00, 0.20827
-0.10, 0.30, 0.00, 0.20775
-0.10, 0.30, 0.00, 0.20835
-0.10, 0.30, 0.00, 0.20841
-0.10, 0.30, 0.00, 0.20821
-0.10, 0.30, 0.00, 0.20789
-0.10, 0.30, 0.00, 0.20764
-0.10, 0.30, 0.00, 0.20777
-0.10, 0.30, 0.00, 0.20788
-0.10, 0.30, 0.00, 0.20823
-0.10, 0.30, 0.00, 0.20848
-0.10, 0.30, 0.20, 0.20831
-0.10, 0.30, 0.20, 0.20791
-0.10, 0.30, 0.20, 0.20818
-0.10, 0.30, 0.20, 0.20838
-0.10, 0.30, 0.20, 0.20817
-0.10, 0.30, 0.20, 0.20820
-0.10, 0.30, 0.20, 0.20825
-0.10, 0.30, 0.20, 0.20820
-0.10, 0.30, 0.20, 0.20804
-0.10, 0.30, 0.20, 0.20867
-0.10, 0.30, 0.20, 0.20825
-0.10, 0.30, 0.20, 0.20782
-0.10, 0.30, 0.20, 0.20836
-0.10, 0.30, 0.20, 0.20864
-0.10, 0.30, 0.20, 0.20797
-0.10, 0.30, 0.20, 0.20790
-0.10, 0.30, 0.20, 0.20805
-0.10, 0.30, 0.20, 0.20809
-0.10, 0.30, 0.20, 0.20771
-0.10, 0.30, 0.20, 0.20831
-0.10, 0.30, 0.20, 0.20875
-0.10, 0.30, 0.20, 0.20822
-0.10, 0.30, 0.20, 0.20746
-0.10, 0.30, 0.20, 0.20844
-0.10, 0.30, 0.20, 0.20884
-0.10, 0.30, 0.20, 0.20795
-0.10, 0.30, 0.20, 0.20780
-0.10, 0.30, 0.20, 0.20836
-0.10, 0.30, 0.20, 0.20796
-0.10, 0.30, 0.20, 0.20887
-0.10, 0.30, 0.20, 0.20829
-0.10, 0.30, 0.20, 0.20773
-0.10, 0.30, 0.20, 0.20823
-0.10, 0.30, 0.20, 0.20817
-0.10, 0.30, 0.20, 0.20791
-0.10, 0.30, 0.20, 0.20791
-0.10, 0.30, 0.20, 0.20882
-0.10, 0.30, 0.20, 0.20797
-0.10, 0.30, 0.20, 0.20794
-0.10, 0.30, 0.20, 0.20871
-0.10, 0.30, 0.20, 0.20800
-0.10, 0.30, 0.20, 0.20780
-0.10, 0.30, 0.20, 0.20821
-0.10, 0.30, 0.20, 0.20831
-0.10, 0.30, 0.20, 0.20784
-0.10, 0.30, 0.20, 0.20810
-0.10, 0.30, 0.20, 0.20852
-0.10, 0.30, 0.20, 0.20850
-0.10, 0.30, 0.20, 0.20789
-0.10, 0.30, 0.20, 0.20779
-0.10, 0.30, 0.20, 0.20840
-0.10, 0.30, 0.20, 0.20708
-0.10, 0.30, 0.20, 0.20843
-0.10, 0.30, 0.20, 0.20828
-0.10, 0.30, 0.20, 0.20732
-0.10, 0.30, 0.20, 0.20798
-0.10, 0.30, 0.20, 0.20903
-0.10, 0.30, 0.20, 0.20811
-0.10, 0.30, 0.20, 0.20812
-0.10, 0.30, 0.20, 0.20866
-0.10, 0.30, 0.20, 0.20804
-0.10, 0.30, 0.20, 0.20757
-0.10, 0.30, 0.20, 0.20832
-0.10, 0.30, 0.20, 0.20855
-0.10, 0.30, 0.20, 0.20820
-0.10, 0.30, 0.20, 0.20817
-0.10, 0.30, 0.20, 0.20866
-0.10, 0.30, 0.20, 0.20812
-0.10, 0.30, 0.20, 0.20834
-0.10, 0.30, 0.20, 0.20885
-0.10, 0.30, 0.20, 0.20873
-0.10, 0.30, 0.20, 0.20801
-0.10, 0.30, 0.20, 0.20814
-0.10, 0.30, 0.20, 0.20845
-0.10, 0.30, 0.20, 0.20829
-0.10, 0.30, 0.20, 0.20825
-0.10, 0.30, 0.20, 0.20818
-0.10, 0.30, 0.20, 0.20804
-0.10, 0.30, 0.20, 0.20761
-0.10, 0.30, 0.20, 0.20823
-0.10, 0.30, 0.00, 0.20856
-0.10, 0.30, 0.00, 0.20788
-0.10, 0.30, 0.00, 0.20807
-0.10, 0.30, 0.00, 0.20815
-0.10, 0.30, 0.00, 0.20829
-0.10, 0.30, 0.00, 0.20829
-0.10, 0.30, 0.00, 0.20837
-0.10, 0.30, 0.00, 0.20757
-0.10, 0.30, 0.00, 0.20817
-0.10, 0.30, 0.00, 0.20780
-0.10, 0.30, 0.00, 0.20853
-0.10, 0.30, 0.00, 0.20829
-0.10, 0.30, 0.00, 0.20793
-0.10, 0.30, 0.00, 0.20871
-0.10, 0.30, 0.00, 0.20825
-0.10, 0.30, 0.00, 0.20727
-0.10, 0.30, 0.00, 0.20822
-0.10, 0.30, 0.00, 0.20830
-0.10, 0.30, 0.00, 0.20748
-0.10, 0.30, 0.00, 0.20839
-0.10, 0.30, 0.00, 0.20796
-0.10, 0.30, 0.00, 0.20749
-0.10, 0.30, 0.00, 0.20838
-0.10, 0.30, 0.00, 0.20845
-0.10, 0.30, 0.00, 0.20755
-0.10, 0.30, 0.00, 0.20808
-0.10, 0.30, 0.00, 0.20803
-0.10, 0.30, 0.00, 0.20806
-0.10, 0.30, 0.00, 0.20840
-0.10, 0.30, 0.00, 0.20851
-0.10, 0.30, 0.00, 0.20799
-0.10, 0.30, 0.00, 0.20785
-0.10, 0.30, 0.00, 0.20840
-0.10, 0.30, 0.00, 0.20838
-0.10, 0.30, 0.00, 0.20800
-0.10, 0.30, 0.00, 0.20834
-0.10, 0.30, 0.00, 0.20771
-0.10, 0.30, 0.00, 0.20811
-0.10, 0.30, 0.00, 0.20772
-0.10, 0.30, 0.00, 0.20805
-0.10, 0.30, 0.00, 0.20820
-0.10, 0.30, 0.00, 0.20837
-0.10, 0.30, 0.00, 0.20795
-0.10, 0.30, 0.00, 0.20819
-0.10, 0.30, 0.00, 0.20797
-0.10, 0.30, 0.00, 0.20765
-0.10, 0.30, 0.00, 0.20786
-0.10, 0.30, 0.00, 0.20846
-0.10, 0.30, 0.00, 0.20795
-0.10, 0.30, 0.00, 0.20758
-0.10, 0.30, 0.00, 0.20831
-0.10, 0.30, 0.00, 0.20810
-0.10, 0.30, 0.00, 0.20770
-0.10, 0.30, 0.00, 0.20780
-0.10, 0.30, 0.00, 0.20882
-0.10, 0.30, 0.00, 0.20786
-0.10, 0.30, 0.00, 0.20767
-0.10, 0.30, 0.00, 0.20837
-0.10, 0.30, 0.00, 0.20787
-0.10, 0.30, 0.00, 0.20813
-0.10, 0.30, 0.00, 0.20819
-0.10, 0.30, 0.00, 0.20799
-0.10, 0.30, 0.00, 0.20770
-0.10, 0.30, 0.00, 0.20829
-0.10, 0.30, 0.00, 0.20803
-0.10, 0.30, 0.00, 0.20770
-0.10, 0.30, 0.00, 0.20833
-0.10, 0.30, 0.00, 0.20803
-0.10, 0.30, 0.00, 0.20796
-0.10, 0.30, 0.00, 0.20808
-0.10, 0.30, 0.00, 0.20825
-0.10, 0.30, 0.00, 0.20786
-0.10, 0.30, 0.00, 0.20872
-0.10, 0.30, 0.00, 0.20821
-0.10, 0.30, 0.00, 0.20760
-0.10, 0.30, 0.00, 0.20824
-0.10, 0.30, 0.00, 0.20891
-0.10, 0.30, 0.00, 0.20798
-0.10, 0.30, 0.00, 0.20833
-0.10, 0.30, 0.00, 0.20757
-0.10, 0.30, 0.20, 0.20813
-0.10, 0.30, 0.20, 0.20855
-0.10, 0.30, 0.20, 0.20842
-0.10, 0.30, 0.20, 0.20770
-0.10, 0.30, 0.20, 0.20755
-0.10, 0.30, 0.20, 0.20839
-0.10, 0.30, 0.20, 0.20846
-0.10, 0.30, 0.20, 0.20786
-0.10, 0.30, 0.20, 0.20831
-0.10, 0.30, 0.20, 0.20849
-0.10, 0.30, 0.20, 0.20828
-0.10, 0.30, 0.20, 0.20773
-0.10, 0.30, 0.20, 0.20821
-0.10, 0.30, 0.20, 0.20830
-0.10, 0.30, 0.20, 0.20765
-0.10, 0.30, 0.20, 0.20825
-0.10, 0.30, 0.20, 0.20890
-0.10, 0.30, 0.20, 0.20816
-0.10, 0.30, 0.20, 0.20803
-0.10, 0.30, 0.20, 0.20810
-0.10, 0.30, 0.20, 0.20843
-0.10, 0.30, 0.20, 0.20830
-0.10, 0.30, 0.20, 0.20883
-0.10, 0.30, 0.20, 0.20795
-0.10, 0.30, 0.20, 0.20854
-0.10, 0.30, 0.20, 0.20841
-0.10, 0.30, 0.20, 0.20823
-0.10, 0.30, 0.20, 0.20814
-0.10, 0.30, 0.20, 0.20873
-0.10, 0.30, 0.20, 0.20905
-0.10, 0.30, 0.20, 0.20780
-0.10, 0.30, 0.20, 0.20822
-0.10, 0.30, 0.20, 0.20846
-0.10, 0.30, 0.20, 0.20764
-0.10, 0.30, 0.20, 0.20812
-0.10, 0.30, 0.20, 0.20834
-0.10, 0.30, 0.20, 0.20818
-0.10, 0.30, 0.20, 0.20789
-0.10, 0.30, 0.20, 0.20888
-0.10, 0.30, 0.20, 0.20825
-0.10, 0.30, 0.20, 0.20824
-0.10, 0.30, 0.20, 0.20867
-0.10, 0.30, 0.20, 0.20817
-0.10, 0.30, 0.20, 0.20798
-0.10, 0.30, 0.20, 0.20871
-0.10, 0.30, 0.20, 0.20868
-0.10, 0.30, 0.20, 0.20815
-0.10, 0.30, 0.20, 0.20853
-0.10, 0.30, 0.20, 0.20847
-0.10, 0.30, 0.20, 0.20790
-0.10, 0.30, 0.20, 0.20826
-0.10, 0.30, 0.20, 0.20776
-0.10, 0.30, 0.20, 0.20823
-0.10, 0.30, 0.20, 0.20872
-0.10, 0.30, 0.20, 0.20826
-0.10, 0.30, 0.20, 0.20758
-0.10, 0.30, 0.20, 0.20871
-0.10, 0.30, 0.20, 0.20869
-0.10, 0.30, 0.20, 0.20831
-0.10, 0.30, 0.20, 0.20851
-0.10, 0.30, 0.20, 0.20841
-0.10, 0.30, 0.20, 0.20785
-0.10, 0.30, 0.20, 0.20819
-0.10, 0.30, 0.20, 0.20803
-0.10, 0.30, 0.20, 0.20771
-0.10, 0.30, 0.20, 0.20794
-0.10, 0.30, 0.20, 0.20855
-0.10, 0.30, 0.20, 0.20854
-0.10, 0.30, 0.20, 0.20792
-0.10, 0.30, 0.20, 0.20843
-0.10, 0.30, 0.20, 0.20771
-0.10, 0.30, 0.20, 0.20839
-0.10, 0.30, 0.20, 0.20886
-0.10, 0.30, 0.20, 0.20852
-0.10, 0.30, 0.20, 0.20812
-0.10, 0.30, 0.20, 0.20865
-0.10, 0.30, 0.20, 0.20801
-0.10, 0.30, 0.00, 0.20784
-0.10, 0.30, 0.00, 0.20840
-0.10, 0.30, 0.00, 0.20823
-0.10, 0.30, 0.00, 0.20790
-0.10, 0.30, 0.00, 0.20841
-0.10, 0.30, 0.00, 0.20811
-0.10, 0.30, 0.00, 0.20792
-0.10, 0.30, 0.00, 0.20802
-0.10, 0.30, 0.00, 0.20837
-0.10, 0.30, 0.00, 0.20815
-0.10, 0.30, 0.00, 0.20792
-0.10, 0.30, 0.00, 0.20835
-0.10, 0.30, 0.00, 0.20793
-0.10, 0.30, 0.00, 0.20830
-0.10, 0.30, 0.00, 0.20847
-0.10, 0.30, 0.00, 0.20794
-0.10, 0.30, 0.00, 0.20808
-0.10, 0.30, 0.00, 0.20841
-0.10, 0.30, 0.00, 0.20811
-0.10, 0.30, 0.00, 0.20788
-0.10, 0.30, 0.00, 0.20828
-0.10, 0.30, 0.00, 0.20812
-0.10, 0.30, 0.00, 0.20780
-0.10, 0.30, 0.00, 0.20810
-0.10, 0.30, 0.00, 0.20825
-0.10, 0.30, 0.00, 0.20770
-0.10, 0.30, 0.00, 0.20800
-0.10, 0.30, 0.00, 0.20813
-0.10, 0.30, 0.00, 0.20811
-0.10, 0.30, 0.00, 0.20775
-0.10, 0.30, 0.00, 0.20770
-0.10, 0.30, 0.00, 0.20821
-0.10, 0.30, 0.00, 0.20777
-0.10, 0.30, 0.00, 0.20839
-0.10, 0.30, 0.00, 0.20828
-0.10, 0.30, 0.00, 0.20770
-0.10, 0.30, 0.00, 0.20823
-0.10, 0.30, 0.00, 0.20790
-0.10, 0.30, 0.00, 0.20772
-0.10, 0.30, 0.00, 0.20856
-0.10, 0.30, 0.00, 0.20841
-0.10, 0.30, 0.00, 0.20772
-0.10, 0.30, 0.00, 0.20811
-0.10, 0.30, 0.00, 0.20834
-0.10, 0.30, 0.00, 0.20819
-0.10, 0.30, 0.00, 0.20807
-0.10, 0.30, 0.00, 0.20849
-0.10, 0.30, 0.00, 0.20779
-0.10, 0.30, 0.00, 0.20763
-0.10, 0.30, 0.00, 0.20804
-0.10, 0.30, 0.00, 0.20835
-0.10, 0.30, 0.00, 0.20755
-0.10, 0.30, 0.00, 0.20825
-0.10, 0.30, 0.00, 0.20827
-0.10, 0.30, 0.00, 0.20819
-0.10, 0.30, 0.00, 0.20834
-0.10, 0.30, 0.00, 0.20770
-0.10, 0.30, 0.00, 0.20825
-0.10, 0.30, 0.00, 0.20817
-0.10, 0.30, 0.00, 0.20871
-0.10, 0.30, 0.00, 0.20858
-0.10, 0.30, 0.00, 0.20746
-0.10, 0.30, 0.00, 0.20864
-0.10, 0.30, 0.00, 0.20827
-0.10, 0.30, 0.00, 0.20803
-0.10, 0.30, 0.00, 0.20808
-0.10, 0.30, 0.00, 0.20909
-0.10, 0.30, 0.00, 0.20823
-0.10, 0.30, 0.00, 0.20822
-0.10, 0.30, 0.00, 0.20855
-0.10, 0.30, 0.00, 0.20817
-0.10, 0.30, 0.00, 0.20796
-0.10, 0.30, 0.00, 0.20798
-0.10, 0.30, 0.00, 0.20805
-0.10, 0.30, 0.00, 0.20817
-0.10, 0.30, 0.00, 0.20900
-0.10, 0.30, 0.00, 0.20769
-0.10, 0.30, 0.20, 0.20789
-0.10, 0.30, 0.20, 0.20876
-0.10, 0.30, 0.20, 0.20839
-0.10, 0.30, 0.20, 0.20832
-0.10, 0.30, 0.20, 0.20877
-0.10, 0.30, 0.20, 0.20793
-0.10, 0.30, 0.20, 0.20815
-0.10, 0.30, 0.20, 0.20843
-0.10, 0.30, 0.20, 0.20896
-0.10, 0.30, 0.20, 0.20790
-0.10, 0.30, 0.20, 0.20834
-0.10, 0.30, 0.20, 0.20929
-0.10, 0.30, 0.20, 0.20777
-0.10, 0.30, 0.20, 0.20833
-0.10, 0.30, 0.20, 0.20859
-0.10, 0.30, 0.20, 0.20845
-0.10, 0.30, 0.20, 0.20856
-0.10, 0.30, 0.20, 0.20845
-0.10, 0.30, 0.20, 0.20823
-0.10, 0.30, 0.20, 0.20816
-0.10, 0.30, 0.20, 0.20858
-0.10, 0.30, 0.20, 0.20792
-0.10, 0.30, 0.20, 0.20742
-0.10, 0.30, 0.20, 0.20804
-0.10, 0.30, 0.20, 0.20818
-0.10, 0.30, 0.20, 0.20832
-0.10, 0.30, 0.20, 0.20790
-0.10, 0.30, 0.20, 0.20918
-0.10, 0.30, 0.20, 0.20826
-0.10, 0.30, 0.20, 0.20818
-0.10, 0.30, 0.20, 0.20804
-0.10, 0.30, 0.20, 0.20851
-0.10, 0.30, 0.20, 0.20768
-0.10, 0.30, 0.20, 0.20779
-0.10, 0.30, 0.20, 0.20876
-0.10, 0.30, 0.20, 0.20821
-0.10, 0.30, 0.20, 0.20749
-0.10, 0.30, 0.20, 0.20835
-0.10, 0.30, 0.20, 0.20773
-0.10, 0.30, 0.20, 0.20749
-0.10, 0.30, 0.20, 0.20877
-0.10, 0.30, 0.20, 0.20894
-0.10, 0.30, 0.20, 0.20804
-0.10, 0.30, 0.20, 0.20823
-0.10, 0.30, 0.20, 0.20851
-0.10, 0.30, 0.20, 0.20841
-0.10, 0.30, 0.20, 0.20814
-0.10, 0.30, 0.20, 0.20912
-0.10, 0.30, 0.20, 0.20833
-0.10, 0.30, 0.20, 0.20758
-0.10, 0.30, 0.20, 0.20771
-0.10, 0.30, 0.20, 0.20901
-0.10, 0.30, 0.20, 0.20754
-0.10, 0.30, 0.20, 0.20840
-0.10, 0.30, 0.20, 0.20848
-0.10, 0.30, 0.20, 0.20804
-0.10, 0.30, 0.20, 0.20852
-0.10, 0.30, 0.20, 0.20840
-0.10, 0.30, 0.20, 0.20783
-0.10, 0.30, 0.20, 0.20831
-0.10, 0.30, 0.20, 0.20844
-0.10, 0.30, 0.20, 0.20854
-0.10, 0.30, 0.20, 0.20767
-0.10, 0.30, 0.20, 0.20844
-0.10, 0.30, 0.20, 0.20862
-0.10, 0.30, 0.20, 0.20783
-0.10, 0.30, 0.20, 0.20849
-0.10, 0.30, 0.20, 0.20860
-0.10, 0.30, 0.20, 0.20782
-0.10, 0.30, 0.20, 0.20873
-0.10, 0.30, 0.20, 0.20896
-0.10, 0.30, 0.20, 0.20815
-0.10, 0.30, 0.20, 0.20761
-0.10, 0.30, 0.20, 0.20861
-0.10, 0.30, 0.20, 0.20849
-0.10, 0.30, 0.20, 0.20765
-0.10, 0.30, 0.20, 0.20831
-0.10, 0.30, 0.20, 0.20833
-0.10, 0.30, 0.20, 0.20840
-0.10, 0.30, 0.00, 0.20808
-0.10, 0.30, 0.00, 0.20812
-0.10, 0.30, 0.00, 0.20700
-0.10, 0.30, 0.00, 0.20847
-0.10, 0.30, 0.00, 0.20790
-0.10, 0.30, 0.00, 0.20754
-0.10, 0.30, 0.00, 0.20825
-0.10, 0.30, 0.00, 0.20824
-0.10, 0.30, 0.00, 0.20795
-0.10, 0.30, 0.00, 0.20851
-0.10, 0.30, 0.00, 0.20816
-0.10, 0.30, 0.00, 0.20738
-0.10, 0.30, 0.00, 0.20845
-0.10, 0.30, 0.00, 0.20858
-0.10, 0.30, 0.00, 0.20834
-0.10, 0.30, 0.00, 0.20793
-0.10, 0.30, 0.00, 0.20888
-0.10, 0.30, 0.00, 0.20818
-0.10, 0.30, 0.00, 0.20802
-0.10, 0.30, 0.00, 0.20844
-0.10, 0.30, 0.00, 0.20817
-0.10, 0.30, 0.00, 0.20823
-0.10, 0.30, 0.00, 0.20864
-0.10, 0.30, 0.00, 0.20789
-0.10, 0.30, 0.00, 0.20762
-0.10, 0.30, 0.00, 0.20837
-0.10, 0.30, 0.00, 0.20788
-0.10, 0.30, 0.00, 0.20841
-0.10, 0.30, 0.00, 0.20837
-0.10, 0.30, 0.00, 0.20827
-0.10, 0.30, 0.00, 0.20852
-0.10, 0.30, 0.00, 0.20877
-0.10, 0.30, 0.00, 0.20842
-0.10, 0.30, 0.00, 0.20788
-0.10, 0.30, 0.00, 0.20809
-0.10, 0.30, 0.00, 0.20830
-0.10, 0.30, 0.00, 0.20766
-0.10, 0.30, 0.00, 0.20816
-0.10, 0.30, 0.00, 0.20842
-0.10, 0.30, 0.00, 0.20783
-0.10, 0.30, 0.00, 0.20834
-0.10, 0.30, 0.00, 0.20806
-0.10, 0.30, 0.00, 0.20765
-0.10, 0.30, 0.00, 0.20822
-0.10, 0.30, 0.00, 0.20811
-0.10, 0.30, 0.00, 0.20796
-0.10, 0.30, 0.00, 0.20821
-0.10, 0.30, 0.00, 0.20806
-0.10, 0.30, 0.00, 0.20790
-0.10, 0.30, 0.00, 0.20846
-0.10, 0.30, 0.00, 0.20794
-0.10, 0.30, 0.00, 0.20781
-0.10, 0.30, 0.00, 0.20755
-0.10, 0.30, 0.00, 0.20827
-0.10, 0.30, 0.00, 0.20776
-0.10, 0.30, 0.00, 0.20817
-0.10, 0.30, 0.00, 0.20909
-0.10, 0.30, 0.00, 0.20820
-0.10, 0.30, 0.00, 0.20816
-0.10, 0.30, 0.00, 0.20861
-0.10, 0.30, 0.00, 0.20786
-0.10, 0.30, 0.00, 0.20761
-0.10, 0.30, 0.00, 0.20812
-0.10, 0.30, 0.00, 0.20847
-0.10, 0.30, 0.00, 0.20737
-0.10, 0.30, 0.00, 0.20798
-0.10, 0.30, 0.00, 0.20826
-0.10, 0.30, 0.00, 0.20740
-0.10, 0.30, 0.00, 0.20816
-0.10, 0.30, 0.00, 0.20783
-0.10, 0.30, 0.00, 0.20794
-0.10, 0.30, 0.00, 0.20853
-0.10, 0.30, 0.00, 0.20799
-0.10, 0.30, 0.00, 0.20811
-0.10, 0.30, 0.00, 0.20749
-0.10, 0.30, 0.00, 0.20813
-0.10, 0.30, 0.20, 0.20817
-0.10, 0.30, 0.20, 0.20830
-0.10, 0.30, 0.20, 0.20832
-0.10, 0.30, 0.20, 0.20876
-0.10, 0.30, 0.20, 0.20837
-0.10, 0.30, 0.20, 0.20744
-0.10, 0.30, 0.20, 0.20878
-0.10, 0.30, 0.20, 0.20775
-0.10, 0.30, 0.20, 0.20786
-0.10, 0.30, 0.20, 0.20842
-0.10, 0.30, 0.20, 0.20875
-0.10, 0.30, 0.20, 0.20772
-0.10, 0.30, 0.20, 0.20826
-0.10, 0.30, 0.20, 0.20882
-0.10, 0.30, 0.20, 0.20867
-0.10, 0.30, 0.20, 0.20831
-0.10, 0.30, 0.20, 0.20861
-0.10, 0.30, 0.20, 0.20824
-0.10, 0.30, 0.20, 0.20799
-0.10, 0.30, 0.20, 0.20780
-0.10, 0.30, 0.20, 0.20793
-0.10, 0.30, 0.20, 0.20767
-0.10, 0.30, 0.20, 0.20889
-0.10, 0.30, 0.20, 0.20823
-0.10, 0.30, 0.20, 0.20758
-0.10, 0.30, 0.20, 0.20851
-0.10, 0.30, 0.20, 0.20819
-0.10, 0.30, 0.20, 0.20758
-0.10, 0.30, 0.20, 0.20866
-0.10, 0.30, 0.20, 0.20811
-0.10, 0.30, 0.20, 0.20744
-0.10, 0.30, 0.20, 0.20851
-0.10, 0.30, 0.20, 0.20863
-0.10, 0.30, 0.20, 0.20828
-0.10, 0.30, 0.20, 0.20795
-0.10, 0.30, 0.20, 0.20814
-0.10, 0.30, 0.20, 0.20784
-0.10, 0.30, 0.20, 0.20755
-0.10, 0.30, 0.20, 0.20865
-0.10, 0.30, 0.20, 0.20788
-0.10, 0.30, 0.20, 0.20817
-0.10, 0.30, 0.20, 0.20801
-0.10, 0.30, 0.20, 0.20864
-0.10, 0.30, 0.20, 0.20780
-0.10, 0.30, 0.20, 0.20825
-0.10, 0.30, 0.20, 0.20806
-0.10, 0.30, 0.20, 0.20731
-0.10, 0.30, 0.20, 0.20862
-0.10, 0.30, 0.20, 0.20847
-0.10, 0.30, 0.20, 0.20714
-0.10, 0.30, 0.20, 0.20814
-0.10, 0.30, 0.20, 0.20822
-0.10, 0.30, 0.20, 0.20816
-0.10, 0.30, 0.20, 0.20864
-0.10, 0.30, 0.20, 0.20829
-0.10, 0.30, 0.20, 0.20827
-0.10, 0.30, 0.20, 0.20881
-0.10, 0.30, 0.20, 0.20871
-0.10, 0.30, 0.20, 0.20753
-0.10, 0.30, 0.20, 0.20813
-0.10, 0.30, 0.20, 0.20859
-0.10, 0.30, 0.20, 0.20787
-0.10, 0.30, 0.20, 0.20853
-0.10, 0.30, 0.20, 0.20858
-0.10, 0.30, 0.20, 0.20806
-0.10, 0.30, 0.20, 0.20814
-0.10, 0.30, 0.20, 0.20837
-0.10, 0.30, 0.20, 0.20755
-0.10, 0.30, 0.20, 0.20851
-0.10, 0.30, 0.20, 0.20833
-0.10, 0.30, 0.20, 0.20766
-0.10, 0.30, 0.20, 0.20829
-0.10, 0.30, 0.20, 0.20822
-0.10, 0.30, 0.20, 0.20816
-0.10, 0.30, 0.20, 0.20824
-0.10, 0.30, 0.00, 0.20793
-0.10, 0.30, 0.00, 0.20559
-0.10, 0.30, 0.00, 0.18621
-0.10, 0.30, 0.00, 0.16235
-0.10, 0.30, 0.00, 0.13373
-0.10, 0.30, 0.00, 0.10531
-0.10, 0.30, 0.00, 0.06831
-0.10, 0.30, 0.00, 0.02140
-0.10, 0.30, 0.00, -0.02470
-0.10, 0.30, 0.00, -0.05858
-0.10, 0.30, 0.00, -0.08134
-0.10, 0.30, 0.00, -0.08689
-0.10, 0.30, 0.00, -0.08357
-0.10, 0.30, 0.00, -0.07280
-0.10, 0.30, 0.00, -0.05033
-0.10, 0.30, 0.00, -0.01872
-0.10, 0.30, 0.00, 0.01266
-0.10, 0.30, 0.00, 0.03723
-0.10, 0.30, 0.00, 0.05152
-0.10, 0.30, 0.00, 0.05669
-0.10, 0.30, 0.00, 0.05052
-0.10, 0.30, 0.00, 0.03570
-0.10, 0.30, 0.00, 0.01385
-0.10, 0.30, 0.00, -0.00976
-0.10, 0.30, 0.00, -0.03113
-0.10, 0.30, 0.00, -0.04009
-0.10, 0.30, 0.00, -0.04139
-0.10, 0.30, 0.00, -0.03565
-0.10, 0.30, 0.00, -0.02559
-0.10, 0.30, 0.00, -0.00809
-0.10, 0.30, 0.00, 0.00917
-0.10, 0.30, 0.00, 0.02355
-0.10, 0.30, 0.00, 0.03036
-0.10, 0.30, 0.00, 0.03044
-0.10, 0.30, 0.00, 0.02389
-0.10, 0.30, 0.00, 0.01465
-0.10, 0.30, 0.00, 0.00303
-0.10, 0.30, 0.00, -0.00993
-0.10, 0.30, 0.00, -0.02136
-0.10, 0.30, 0.00, -0.02396
-0.10, 0.30, 0.00, -0.02343
-0.10, 0.30, 0.00, -0.01779
-0.10, 0.30, 0.00, -0.00674
-0.10, 0.30, 0.00, 0.00331
-0.10, 0.30, 0.00, 0.01369
-0.10, 0.30, 0.00, 0.01892
-0.10, 0.30, 0.00, 0.01977
-0.10, 0.30, 0.00, 0.01653
-0.10, 0.30, 0.00, 0.01020
-0.10, 0.30, 0.00, 0.00326
-0.10, 0.30, 0.00, -0.00528
-0.10, 0.30, 0.00, -0.01327
-0.10, 0.30, 0.00, -0.01558
-0.10, 0.30, 0.00, -0.01570
-0.10, 0.30, 0.00, -0.01116
-0.10, 0.30, 0.00, -0.00480
-0.10, 0.30, 0.00, 0.00213
-0.10, 0.30, 0.00, 0.00836
-0.10, 0.30, 0.00, 0.01302
-0.10, 0.30, 0.00, 0.01279
-0.10, 0.30, 0.00, 0.01024
-0.10, 0.30, 0.00, 0.00552
-0.10, 0.30, 0.00, -0.00277
-0.10, 0.30, 0.00, -0.00797
-0.10, 0.30, 0.00, -0.01127
-0.10, 0.30, 0.00, -0.01157
-0.10, 0.30, 0.00, -0.00779
-0.10, 0.30, 0.00, -0.00324
-0.10, 0.30, 0.00, 0.00049
-0.10, 0.30, 0.00, 0.00535
-0.10, 0.30, 0.00, 0.00854
-0.10, 0.30, 0.00, 0.00938
-0.10, 0.30, 0.00, 0.00937
-0.10, 0.30, 0.00, 0.00739
-0.10, 0.30, 0.00, 0.00275
-0.10, 0.30, 0.00, -0.00169
-0.10, 0.30, 0.00, -0.00453
-0.10, 0.30, 0.00, -0.00645
-0.10, 0.30, 0.20, -0.00817
-0.10, 0.30, 0.20, -0.00494
-0.10, 0.30, 0.20, 0.01230
-0.10, 0.30, 0.20, 0.03709
-0.10, 0.30, 0.20, 0.06848
-0.10, 0.30, 0.20, 0.10707
-0.10, 0.30, 0.20, 0.15241
-0.10, 0.30, 0.20, 0.19799
-0.10, 0.30, 0.20, 0.24382
-0.10, 0.30, 0.20, 0.27339
-0.10, 0.30, 0.20, 0.28146
-0.10, 0.30, 0.20, 0.28102
-0.10, 0.30, 0.20, 0.26993
-0.10, 0.30, 0.20, 0.25043
-0.10, 0.30, 0.20, 0.22544
-0.10, 0.30, 0.20, 0.19616
-0.10, 0.30, 0.20, 0.16632
-0.10, 0.30, 0.20, 0.14921
-0.10, 0.30, 0.20, 0.14508
-0.10, 0.30, 0.20, 0.15032
-0.10, 0.30, 0.20, 0.16488
-0.10, 0.30, 0.20, 0.18458
-0.10, 0.30, 0.20, 0.20758
-0.10, 0.30, 0.20, 0.22815
-0.10, 0.30, 0.20, 0.23862
-0.10, 0.30, 0.20, 0.24316
-0.10, 0.30, 0.20, 0.23603
-0.10, 0.30, 0.20, 0.22292
-0.10, 0.30, 0.20, 0.20516
-0.10, 0.30, 0.20, 0.18539
-0.10, 0.30, 0.20, 0.17109
-0.10, 0.30, 0.20, 0.16590
-0.10, 0.30, 0.20, 0.16730
-0.10, 0.30, 0.20, 0.17472
-0.10, 0.30, 0.20, 0.18634
-0.10, 0.30, 0.20, 0.20104
-0.10, 0.30, 0.20, 0.21479
-0.10, 0.30, 0.20, 0.22395
-0.10, 0.30, 0.20, 0.22722
-0.10, 0.30, 0.20, 0.22242
-0.10, 0.30, 0.20, 0.20972
-0.10, 0.30, 0.20, 0.19757
-0.10, 0.30, 0.20, 0.18647
-0.10, 0.30, 0.20, 0.17755
-0.10, 0.30, 0.20, 0.17712
-0.10, 0.30, 0.20, 0.18183
-0.10, 0.30, 0.20, 0.19277
-0.10, 0.30, 0.20, 0.20474
-0.10, 0.30, 0.20, 0.21511
-0.10, 0.30, 0.20, 0.21983
-0.10, 0.30, 0.20, 0.21857
-0.10, 0.30, 0.20, 0.21163
-0.10, 0.30, 0.20, 0.20349
-0.10, 0.30, 0.20, 0.19478
-0.10, 0.30, 0.20, 0.18772
-0.10, 0.30, 0.20, 0.18306
-0.10, 0.30, 0.20, 0.18270
-0.10, 0.30, 0.20, 0.18638
-0.10, 0.30, 0.20, 0.19408
-0.10, 0.30, 0.20, 0.20204
-0.10, 0.30, 0.20, 0.21047
-0.10, 0.30, 0.20, 0.21450
-0.10, 0.30, 0.20, 0.21569
-0.10, 0.30, 0.20, 0.21342
-0.10, 0.30, 0.20, 0.20783
-0.10, 0.30, 0.20, 0.20095
-0.10, 0.30, 0.20, 0.19301
-0.10, 0.30, 0.20, 0.18769
-0.10, 0.30, 0.20, 0.18553
-0.10, 0.30, 0.20, 0.18511
-0.10, 0.30, 0.20, 0.18941
-0.10, 0.30, 0.20, 0.19509
-0.10, 0.30, 0.20, 0.20163
-0.10, 0.30, 0.20, 0.20674
-0.10, 0.30, 0.20, 0.20991
-0.10, 0.30, 0.20, 0.21261
-0.10, 0.30, 0.20, 0.21169
-0.10, 0.30, 0.00, 0.20820
-0.10, 0.30, 0.00, 0.20048
-0.10, 0.30, 0.00, 0.18006
-0.10, 0.30, 0.00, 0.14970
-0.10, 0.30, 0.00, 0.11478
-0.10, 0.30, 0.00, 0.07552
-0.10, 0.30, 0.00, 0.03886
-0.10, 0.30, 0.00, -0.00671
-0.10, 0.30, 0.00, -0.04889
-0.10, 0.30, 0.00, -0.07570
-0.10, 0.30, 0.00, -0.07944
-0.10, 0.30, 0.00, -0.06240
-0.10, 0.30, 0.00, -0.03131
-0.10, 0.30, 0.00, 0.00401
-0.10, 0.30, 0.00, 0.02723
-0.10, 0.30, 0.00, 0.04533
-0.10, 0.30, 0.00, 0.05388
-0.10, 0.30, 0.00, 0.05295
-0.10, 0.30, 0.00, 0.03610
-0.10, 0.30, 0.00, 0.01521
-0.10, 0.30, 0.00, -0.01106
-0.10, 0.30, 0.00, -0.03356
-0.10, 0.30, 0.00, -0.04289
-0.10, 0.30, 0.00, -0.04291
-0.10, 0.30, 0.00, -0.03517
-0.10, 0.30, 0.00, -0.02185
-0.10, 0.30, 0.00, -0.00525
-0.10, 0.30, 0.00, 0.00884
-0.10, 0.30, 0.00, 0.02317
-0.10, 0.30, 0.00, 0.03027
-0.10, 0.30, 0.00, 0.03215
-0.10, 0.30, 0.00, 0.02879
-0.10, 0.30, 0.00, 0.02065
-0.10, 0.30, 0.00, 0.01090
-0.10, 0.30, 0.00, -0.00072
-0.10, 0.30, 0.00, -0.01198
-0.10, 0.30, 0.00, -0.02074
-0.10, 0.30, 0.00, -0.02282
-0.10, 0.30, 0.00, -0.02356
-0.10, 0.30, 0.00, -0.02022
-0.10, 0.30, 0.00, -0.01221
-0.10, 0.30, 0.00, -0.00174
-0.10, 0.30, 0.00, 0.00615
-0.10, 0.30, 0.00, 0.01293
-0.10, 0.30, 0.00, 0.01736
-0.10, 0.30, 0.00, 0.01848
-0.10, 0.30, 0.00, 0.01710
-0.10, 0.30, 0.00, 0.01191
-0.10, 0.30, 0.00, 0.00535
-0.10, 0.30, 0.00, -0.00092
-0.10, 0.30, 0.00, -0.00769
-0.10, 0.30, 0.00, -0.01235
-0.10, 0.30, 0.00, -0.01404
-0.10, 0.30, 0.00, -0.01469
-0.10, 0.30, 0.00, -0.01260
-0.10, 0.30, 0.00, -0.00660
-0.10, 0.30, 0.00, -0.00090
-0.10, 0.30, 0.00, 0.00366
-0.10, 0.30, 0.00, 0.00842
-0.10, 0.30, 0.00, 0.01021
-0.10, 0.30, 0.00, 0.01167
-0.10, 0.30, 0.00, 0.01075
-0.10, 0.30, 0.00, 0.00830
-0.10, 0.30, 0.00, 0.00535
-0.10, 0.30, 0.00, 0.00066
-0.10, 0.30, 0.00, -0.00480
-0.10, 0.30, 0.00, -0.00741
-0.10, 0.30, 0.00, -0.01007
-0.10, 0.30, 0.00, -0.01153
-0.10, 0.30, 0.00, -0.00985
-0.10, 0.30, 0.00, -0.00692
-0.10, 0.30, 0.00, -0.00366
-0.10, 0.30, 0.00, 0.00010
-0.10, 0.30, 0.00, 0.00396
-0.10, 0.30, 0.00, 0.00756
-0.10, 0.30, 0.00, 0.00692
-0.10, 0.30, 0.00, 0.00738
-0.10, 0.30, 0.00, 0.00674
-0.10, 0.30, 0.00, 0.00233
-0.10, 0.30, 0.00, -0.00192
-0.10, 0.30, 0.00, -0.00494
-0.10, 0.30, 0.00, -0.00735
-0.10, 0.30, 0.00, -0.00769
-0.10, 0.30, 0.20, -0.00638
-0.10, 0.30, 0.20, -0.00206
-0.10, 0.30, 0.20, 0.01102
-0.10, 0.30, 0.20, 0.03078
-0.10, 0.30, 0.20, 0.05719
-0.10, 0.30, 0.20, 0.08758
-0.10, 0.30, 0.20, 0.12634
-0.10, 0.30, 0.20, 0.16376
-0.10, 0.30, 0.20, 0.20886
-0.10, 0.30, 0.20, 0.24826
-0.10, 0.30, 0.20, 0.27070
-0.10, 0.30, 0.20, 0.27826
-0.10, 0.30, 0.20, 0.27858
-0.10, 0.30, 0.20, 0.26591
-0.10, 0.30, 0.20, 0.24093
-0.10, 0.30, 0.20, 0.21070
-0.10, 0.30, 0.20, 0.18091
-0.10, 0.30, 0.20, 0.15827
-0.10, 0.30, 0.20, 0.14517
-0.10, 0.30, 0.20, 0.14309
-0.10, 0.30, 0.20, 0.15446
-0.10, 0.30, 0.20, 0.17882
-0.10, 0.30, 0.20, 0.20794
-0.10, 0.30, 0.20, 0.22997
-0.10, 0.30, 0.20, 0.24159
-0.10, 0.30, 0.20, 0.24411
-0.10, 0.30, 0.20, 0.24153
-0.10, 0.30, 0.20, 0.23010
-0.10, 0.30, 0.20, 0.20747
-0.10, 0.30, 0.20, 0.18658
-0.10, 0.30, 0.20, 0.16909
-0.10, 0.30, 0.20, 0.16107
-0.10, 0.30, 0.20, 0.16255
-0.10, 0.30, 0.20, 0.17189
-0.10, 0.30, 0.20, 0.19199
-0.10, 0.30, 0.20, 0.21156
-0.10, 0.30, 0.20, 0.22873
-0.10, 0.30, 0.20, 0.23285
-0.10, 0.30, 0.20, 0.23077
-0.10, 0.30, 0.20, 0.21832
-0.10, 0.30, 0.20, 0.20182
-0.10, 0.30, 0.20, 0.18611
-0.10, 0.30, 0.20, 0.17403
-0.10, 0.30, 0.20, 0.17141
-0.10, 0.30, 0.20, 0.17311
-0.10, 0.30, 0.20, 0.18009
-0.10, 0.30, 0.20, 0.19079
-0.10, 0.30, 0.20, 0.20236
-0.10, 0.30, 0.20, 0.21569
-0.10, 0.30, 0.20, 0.22293
-0.10, 0.30, 0.20, 0.22264
-0.10, 0.30, 0.20, 0.21923
-0.10, 0.30, 0.20, 0.21034
-0.10, 0.30, 0.20, 0.19967
-0.10, 0.30, 0.20, 0.19039
-0.10, 0.30, 0.20, 0.18236
-0.10, 0.30, 0.20, 0.18037
-0.10, 0.30, 0.20, 0.18283
-0.10, 0.30, 0.20, 0.19100
-0.10, 0.30, 0.20, 0.20101
-0.10, 0.30, 0.20, 0.21194
-0.10, 0.30, 0.20, 0.21682
-0.10, 0.30, 0.20, 0.21715
-0.10, 0.30, 0.20, 0.21548
-0.10, 0.30, 0.20, 0.20920
-0.10, 0.30, 0.20, 0.20218
-0.10, 0.30, 0.20, 0.19556
-0.10, 0.30, 0.20, 0.19040
-0.10, 0.30, 0.20, 0.18547
-0.10, 0.30, 0.20, 0.18467
-0.10, 0.30, 0.20, 0.18662
-0.10, 0.30, 0.20, 0.19202
-0.10, 0.30, 0.20, 0.20165
-0.10, 0.30, 0.20, 0.20895
-0.10, 0.30, 0.20, 0.21287
-0.10, 0.30, 0.20, 0.21413
-0.10, 0.30, 0.20, 0.21467
-0.10, 0.30, 0.00, 0.20963
-0.10, 0.30, 0.00, 0.19901
-0.10, 0.30, 0.00, 0.18394
-0.10, 0.30, 0.00, 0.15949
-0.10, 0.30, 0.00, 0.13077
-0.10, 0.30, 0.00, 0.10077
-0.10, 0.30, 0.00, 0.06430
-0.10, 0.30, 0.00, 0.02808
-0.10, 0.30, 0.00, -0.01161
-0.10, 0.30, 0.00, -0.04323
-0.10, 0.30, 0.00, -0.06460
-0.10, 0.30, 0.00, -0.07538
-0.10, 0.30, 0.00, -0.07620
-0.10, 0.30, 0.00, -0.06802
-0.10, 0.30, 0.00, -0.05076
-0.10, 0.30, 0.00, -0.02793
-0.10, 0.30, 0.00, -0.00312
-0.10, 0.30, 0.00, 0.02329
-0.10, 0.30, 0.00, 0.04190
-0.10, 0.30, 0.00, 0.04848
-0.10, 0.30, 0.00, 0.05036
-0.10, 0.30, 0.00, 0.04151
-0.10, 0.30, 0.00, 0.02362
-0.10, 0.30, 0.00, 0.00410
-0.10, 0.30, 0.00, -0.01376
-0.10, 0.30, 0.00, -0.02834
-0.10, 0.30, 0.00, -0.03541
-0.10, 0.30, 0.00, -0.03656
-0.10, 0.30, 0.00, -0.03096
-0.10, 0.30, 0.00, -0.02013
-0.10, 0.30, 0.00, -0.00809
-0.10, 0.30, 0.00, 0.00657
-0.10, 0.30, 0.00, 0.01758
-0.10, 0.30, 0.00, 0.02451
-0.10, 0.30, 0.00, 0.02637
-0.10, 0.30, 0.00, 0.02613
-0.10, 0.30, 0.00, 0.02104
-0.10, 0.30, 0.00, 0.01213
-0.10, 0.30, 0.00, 0.00235
-0.10, 0.30, 0.00, -0.00717
-0.10, 0.30, 0.00, -0.01441
-0.10, 0.30, 0.00, -0.02063
-0.10, 0.30, 0.00, -0.02104
-0.10, 0.30, 0.00, -0.01976
-0.10, 0.30, 0.00, -0.01518
-0.10, 0.30, 0.00, -0.00793
-0.10, 0.30, 0.00, -0.00026
-0.10, 0.30, 0.00, 0.00782
-0.10, 0.30, 0.00, 0.01344
-0.10, 0.30, 0.00, 0.01701
-0.10, 0.30, 0.00, 0.01764
-0.10, 0.30, 0.00, 0.01584
-0.10, 0.30, 0.00, 0.01035
-0.10, 0.30, 0.00, 0.00326
-0.10, 0.30, 0.00, -0.00152
-0.10, 0.30, 0.00, -0.00769
-0.10, 0.30, 0.00, -0.01163
-0.10, 0.30, 0.00, -0.01410
-0.10, 0.30, 0.00, -0.01306
-0.10, 0.30, 0.00, -0.01080
-0.10, 0.30, 0.00, -0.00727
-0.10, 0.30, 0.00, -0.00244
-0.10, 0.30, 0.00, 0.00292
-0.10, 0.30, 0.00, 0.00715
-0.10, 0.30, 0.00, 0.01010
-0.10, 0.30, 0.00, 0.01055
-0.10, 0.30, 0.00, 0.01139
-0.10, 0.30, 0.00, 0.00877
-0.10, 0.30, 0.00, 0.00376
-0.10, 0.30, 0.00, -0.00040
-0.10, 0.30, 0.00, -0.00294
-0.10, 0.30, 0.00, -0.00759
-0.10, 0.30, 0.00, -0.00941
-0.10, 0.30, 0.00, -0.00895
-0.10, 0.30, 0.00, -0.00804
-0.10, 0.30, 0.00, -0.00592
-0.10, 0.30, 0.00, -0.00278
-0.10, 0.30, 0.00, 0.00119
-0.10, 0.30, 0.00, 0.00336
-0.10, 0.30, 0.00, 0.00547
-0.10, 0.30, 0.00, 0.00638
-0.10, 0.30, 0.00, 0.00662
-0.10, 0.30, 0.00, 0.00674
-0.10, 0.30, 0.00, 0.00491
-0.10, 0.30, 0.00, 0.00315
-0.10, 0.30, 0.00, -0.00002
-0.10, 0.30, 0.00, -0.00260
-0.10, 0.30, 0.00, -0.00581
-0.10, 0.30, 0.00, -0.00612
-0.10, 0.30, 0.00, -0.00561
-0.10, 0.30, 0.20, -0.00697
-0.10, 0.30, 0.20, -0.00383
-0.10, 0.30, 0.20, 0.00866
-0.10, 0.30, 0.20, 0.02713
-0.10, 0.30, 0.20, 0.05169
-0.10, 0.30, 0.20, 0.07886
-0.10, 0.30, 0.20, 0.11078
-0.10, 0.30, 0.20, 0.14404
-0.10, 0.30, 0.20, 0.17973
-0.10, 0.30, 0.20, 0.21582
-0.10, 0.30, 0.20, 0.24862
-0.10, 0.30, 0.20, 0.26965
-0.10, 0.30, 0.20, 0.27848
-0.10, 0.30, 0.20, 0.27845
-0.10, 0.30, 0.20, 0.26509
-0.10, 0.30, 0.20, 0.24640
-0.10, 0.30, 0.20, 0.22286
-0.10, 0.30, 0.20, 0.19609
-0.10, 0.30, 0.20, 0.16982
-0.10, 0.30, 0.20, 0.15374
-0.10, 0.30, 0.20, 0.14846
-0.10, 0.30, 0.20, 0.14938
-0.10, 0.30, 0.20, 0.15812
-0.10, 0.30, 0.20, 0.17293
-0.10, 0.30, 0.20, 0.19204
-0.10, 0.30, 0.20, 0.21194
-0.10, 0.30, 0.20, 0.22891
-0.10, 0.30, 0.20, 0.23734
-0.10, 0.30, 0.20, 0.23943
-0.10, 0.30, 0.20, 0.23704
-0.10, 0.30, 0.20, 0.22587
-0.10, 0.30, 0.20, 0.21235
-0.10, 0.30, 0.20, 0.19881
-0.10, 0.30, 0.20, 0.18476
-0.10, 0.30, 0.20, 0.17377
-0.10, 0.30, 0.20, 0.17003
-0.10, 0.30, 0.20, 0.16905
-0.10, 0.30, 0.20, 0.17409
-0.10, 0.30, 0.20, 0.18409
-0.10, 0.30, 0.20, 0.19464
-0.10, 0.30, 0.20, 0.20617
-0.10, 0.30, 0.20, 0.21610
-0.10, 0.30, 0.20, 0.22157
-0.10, 0.30, 0.20, 0.22414
-0.10, 0.30, 0.20, 0.22375
-0.10, 0.30, 0.20, 0.21841
-0.10, 0.30, 0.20, 0.20961
-0.10, 0.30, 0.20, 0.20088
-0.10, 0.30, 0.20, 0.19184
-0.10, 0.30, 0.20, 0.18338
-0.10, 0.30, 0.20, 0.17967
-0.10, 0.30, 0.20, 0.17978
-0.10, 0.30, 0.20, 0.18238
-0.10, 0.30, 0.20, 0.18808
-0.10, 0.30, 0.20, 0.19402
-0.10, 0.30, 0.20, 0.20189
-0.10, 0.30, 0.20, 0.20875
-0.10, 0.30, 0.20, 0.21458
-0.10, 0.30, 0.20, 0.21593
-0.10, 0.30, 0.20, 0.21659
-0.10, 0.30, 0.20, 0.21389
-0.10, 0.30, 0.20, 0.20719
-0.10, 0.30, 0.20, 0.20164
-0.10, 0.30, 0.20, 0.19568
-0.10, 0.30, 0.20, 0.18901
-0.10, 0.30, 0.20, 0.18580
-0.10, 0.30, 0.20, 0.18477
-0.10, 0.30, 0.20, 0.18645
-0.10, 0.30, 0.20, 0.19150
-0.10, 0.30, 0.20, 0.19643
-0.10, 0.30, 0.20, 0.20218
-0.10, 0.30, 0.20, 0.20640
-0.10, 0.30, 0.20, 0.21008
-0.10, 0.30, 0.20, 0.21218
-0.10, 0.30, 0.20, 0.21243
-0.10, 0.30, 0.20, 0.21025
-0.10, 0.30, 0.20, 0.20660
-0.10, 0.30, 0.20, 0.20196
-0.10, 0.30, 0.20, 0.19711
-0.10, 0.30, 0.20, 0.19313
-0.10, 0.30, 0.20, 0.18992
-0.10, 0.30, 0.20, 0.18928
-0.10, 0.30, 0.20, 0.18935
-0.10, 0.30, 0.20, 0.19049
-0.10, 0.30, 0.20, 0.19400
-0.10, 0.30, 0.20, 0.19840
-0.10, 0.30, 0.20, 0.20238
-0.10, 0.30, 0.20, 0.20609
-0.10, 0.30, 0.20, 0.20899
-0.10, 0.30, 0.20, 0.21062
-0.10, 0.30, 0.20, 0.20998
-0.10, 0.30, 0.00, 0.20748
-0.10, 0.30, 0.00, 0.20382
-0.10, 0.30, 0.00, 0.19184
-0.10, 0.30, 0.00, 0.17117
-0.10, 0.30, 0.00, 0.14632
-0.10, 0.30, 0.00, 0.11650
-0.10, 0.30, 0.00, 0.08494
-0.10, 0.30, 0.00, 0.04928
-0.10, 0.30, 0.00, 0.01400
-0.10, 0.30, 0.00, -0.02102
-0.10, 0.30, 0.00, -0.04935
-0.10, 0.30, 0.00, -0.06808
-0.10, 0.30, 0.00, -0.07570
-0.10, 0.30, 0.00, -0.07374
-0.10, 0.30, 0.00, -0.06272
-0.10, 0.30, 0.00, -0.04460
-0.10, 0.30, 0.00, -0.02203
-0.10, 0.30, 0.00, 0.00293
-0.10, 0.30, 0.00, 0.02649
-0.10, 0.30, 0.00, 0.04113
-0.10, 0.30, 0.00, 0.04925
-0.10, 0.30, 0.00, 0.05049
-0.10, 0.30, 0.00, 0.04116
-0.10, 0.30, 0.00, 0.02732
-0.10, 0.30, 0.00, 0.00993
-0.10, 0.30, 0.00, -0.00564
-0.10, 0.30, 0.00, -0.02253
-0.10, 0.30, 0.00, -0.03334
-0.10, 0.30, 0.00, -0.03631
-0.10, 0.30, 0.00, -0.03439
-0.10, 0.30, 0.00, -0.02703
-0.10, 0.30, 0.00, -0.01464
-0.10, 0.30, 0.00, 0.00004
-0.10, 0.30, 0.00, 0.01237
-0.10, 0.30, 0.00, 0.02208
-0.10, 0.30, 0.00, 0.02714
-0.10, 0.30, 0.00, 0.02726
-0.10, 0.30, 0.00, 0.02254
-0.10, 0.30, 0.00, 0.01485
-0.10, 0.30, 0.00, 0.00545
-0.10, 0.30, 0.00, -0.00355
-0.10, 0.30, 0.00, -0.01287
-0.10, 0.30, 0.00, -0.02000
-0.10, 0.30, 0.00, -0.02068
-0.10, 0.30, 0.00, -0.01995
-0.10, 0.30, 0.00, -0.01571
-0.10, 0.30, 0.00, -0.00849
-0.10, 0.30, 0.00, 0.00004
-0.10, 0.30, 0.00, 0.00662
-0.10, 0.30, 0.00, 0.01144
-0.10, 0.30, 0.00, 0.01522
-0.10, 0.30, 0.00, 0.01589
-0.10, 0.30, 0.00, 0.01387
-0.10, 0.30, 0.00, 0.00918
-0.10, 0.30, 0.00, 0.00384
-0.10, 0.30, 0.00, -0.00132
-0.10, 0.30, 0.00, -0.00651
-0.10, 0.30, 0.00, -0.01125
-0.10, 0.30, 0.00, -0.01282
-0.10, 0.30, 0.00, -0.01266
-0.10, 0.30, 0.00, -0.01082
-0.10, 0.30, 0.00, -0.00648
-0.10, 0.30, 0.00, -0.00142
-0.10, 0.30, 0.00, 0.00304
-0.10, 0.30, 0.00, 0.00713
-0.10, 0.30, 0.00, 0.01013
-0.10, 0.30, 0.00, 0.01133
-0.10, 0.30, 0.00, 0.01106
-0.10, 0.30, 0.00, 0.00785
-0.10, 0.30, 0.00, 0.00381
-0.10, 0.30, 0.00, 0.00045
-0.10, 0.30, 0.00, -0.00387
-0.10, 0.30, 0.00, -0.00816
-0.10, 0.30, 0.00, -0.00942
-0.10, 0.30, 0.00, -0.00922
-0.10, 0.30, 0.00, -0.00897
-0.10, 0.30, 0.00, -0.00716
-0.10, 0.30, 0.00, -0.00381
-0.10, 0.30, 0.00, 0.00075
-0.10, 0.30, 0.00, 0.00306
-0.10, 0.30, 0.00, 0.00639
-0.10, 0.30, 0.00, 0.00769
-0.10, 0.30, 0.00, 0.00822
-0.10, 0.30, 0.00, 0.00739
-0.10, 0.30, 0.00, 0.00582
-0.10, 0.30, 0.00, 0.00339
-0.10, 0.30, 0.00, 0.00017
-0.10, 0.30, 0.00, -0.00386
-0.10, 0.30, 0.00, -0.00567
-0.10, 0.30, 0.00, -0.00616
-0.10, 0.30, 0.00, -0.00703
-0.10, 0.30, 0.00, -0.00822
-0.10, 0.30, 0.20, -0.00607
-0.10, 0.30, 0.20, -0.00221
-0.10, 0.30, 0.20, 0.01003
-0.10, 0.30, 0.20, 0.02816
-0.10, 0.30, 0.20, 0.05376
-0.10, 0.30, 0.20, 0.08068
-0.10, 0.30, 0.20, 0.11263
-0.10, 0.30, 0.20, 0.14621
-0.10, 0.30, 0.20, 0.18164
-0.10, 0.30, 0.20, 0.22012
-0.10, 0.30, 0.20, 0.24898
-0.10, 0.30, 0.20, 0.26944
-0.10, 0.30, 0.20, 0.27743
-0.10, 0.30, 0.20, 0.27780
-0.10, 0.30, 0.20, 0.26973
-0.10, 0.30, 0.20, 0.25309
-0.10, 0.30, 0.20, 0.23374
-0.10, 0.30, 0.20, 0.20820
-0.10, 0.30, 0.20, 0.18215
-0.10, 0.30, 0.20, 0.16154
-0.10, 0.30, 0.20, 0.14952
-0.10, 0.30, 0.20, 0.14526
-0.10, 0.30, 0.20, 0.14826
-0.10, 0.30, 0.20, 0.16008
-0.10, 0.30, 0.20, 0.17838
-0.10, 0.30, 0.20, 0.19775
-0.10, 0.30, 0.20, 0.21580
-0.10, 0.30, 0.20, 0.23092
-0.10, 0.30, 0.20, 0.23947
-0.10, 0.30, 0.20, 0.24032
-0.10, 0.30, 0.20, 0.23658
-0.10, 0.30, 0.20, 0.22582
-0.10, 0.30, 0.20, 0.21295
-0.10, 0.30, 0.20, 0.19780
-0.10, 0.30, 0.20, 0.18294
-0.10, 0.30, 0.20, 0.17298
-0.10, 0.30, 0.20, 0.16896
-0.10, 0.30, 0.20, 0.16889
-0.10, 0.30, 0.20, 0.17398
-0.10, 0.30, 0.20, 0.18366
-0.10, 0.30, 0.20, 0.19547
-0.10, 0.30, 0.20, 0.20606
-0.10, 0.30, 0.20, 0.21612
-0.10, 0.30, 0.20, 0.22320
-0.10, 0.30, 0.20, 0.22391
-0.10, 0.30, 0.20, 0.22274
-0.10, 0.30, 0.20, 0.21772
-0.10, 0.30, 0.20, 0.21025
-0.10, 0.30, 0.20, 0.20110
-0.10, 0.30, 0.20, 0.19309
-0.10, 0.30, 0.20, 0.18547
-0.10, 0.30, 0.20, 0.18119
-0.10, 0.30, 0.20, 0.17949
-0.10, 0.30, 0.20, 0.18177
-0.10, 0.30, 0.20, 0.18681
-0.10, 0.30, 0.20, 0.19430
-0.10, 0.30, 0.20, 0.20139
-0.10, 0.30, 0.20, 0.20771
-0.10, 0.30, 0.20, 0.21439
-0.10, 0.30, 0.20, 0.21598
-0.10, 0.30, 0.20, 0.21618
-0.10, 0.30, 0.20, 0.21442
-0.10, 0.30, 0.20, 0.20841
-0.10, 0.30, 0.20, 0.20158
-0.10, 0.30, 0.20, 0.19473
-0.10, 0.30, 0.20, 0.19059
-0.10, 0.30, 0.20, 0.18627
-0.10, 0.30, 0.20, 0.18476
-0.10, 0.30, 0.20, 0.18556
-0.10, 0.30, 0.20, 0.19042
-0.10, 0.30, 0.20, 0.19470
-0.10, 0.30, 0.20, 0.20034
-0.10, 0.30, 0.20, 0.20606
-0.10, 0.30, 0.20, 0.20940
-0.10, 0.30, 0.20, 0.21237
-0.10, 0.30, 0.20, 0.21234
-0.10, 0.30, 0.20, 0.21030
-0.10, 0.30, 0.20, 0.20827
-0.10, 0.30, 0.20, 0.20348
-0.10, 0.30, 0.20, 0.19924
-0.10, 0.30, 0.20, 0.19376
-0.10, 0.30, 0.20, 0.19275
-0.10, 0.30, 0.20, 0.18993
-0.10, 0.30, 0.20, 0.18953
-0.10, 0.30, 0.20, 0.19016
-0.10, 0.30, 0.20, 0.19340
-0.10, 0.30, 0.20, 0.19747
-0.10, 0.30, 0.20, 0.20046
-0.10, 0.30, 0.20, 0.20412
-0.10, 0.30, 0.20, 0.20700
-0.10, 0.30, 0.20, 0.20771
-0.10, 0.30, 0.20, 0.20733
-0.10, 0.30, 0.20, 0.20767
-0.10, 0.30, 0.00, 0.20792
-0.10, 0.30, 0.00, 0.20140
-0.10, 0.30, 0.00, 0.18945
-0.10, 0.30, 0.00, 0.16954
-0.10, 0.30, 0.00, 0.14467
-0.10, 0.30, 0.00, 0.11794
-0.10, 0.30, 0.00, 0.08615
-0.10, 0.30, 0.00, 0.05156
-0.10, 0.30, 0.00, 0.01738
-0.10, 0.30, 0.00, -0.01903
-0.10, 0.30, 0.00, -0.04889
-0.10, 0.30, 0.00, -0.06822
-0.10, 0.30, 0.00, -0.07659
-0.10, 0.30, 0.00, -0.07528
-0.10, 0.30, 0.00, -0.06471
-0.10, 0.30, 0.00, -0.04769
-0.10, 0.30, 0.00, -0.02524
-0.10, 0.30, 0.00, -0.00138
-0.10, 0.30, 0.00, 0.02183
-0.10, 0.30, 0.00, 0.04007
-0.10, 0.30, 0.00, 0.04978
-0.10, 0.30, 0.00, 0.04917
-0.10, 0.30, 0.00, 0.04395
-0.10, 0.30, 0.00, 0.02982
-0.10, 0.30, 0.00, 0.01189
-0.10, 0.30, 0.00, -0.00537
-0.10, 0.30, 0.00, -0.02299
-0.10, 0.30, 0.00, -0.03190
-0.10, 0.30, 0.00, -0.03624
-0.10, 0.30, 0.00, -0.03561
-0.10, 0.30, 0.00, -0.02845
-0.10, 0.30, 0.00, -0.01668
-0.10, 0.30, 0.00, -0.00334
-0.10, 0.30, 0.00, 0.00965
-0.10, 0.30, 0.00, 0.01969
-0.10, 0.30, 0.00, 0.02562
-0.10, 0.30, 0.00, 0.02659
-0.10, 0.30, 0.00, 0.02472
-0.10, 0.30, 0.00, 0.01831
-0.10, 0.30, 0.00, 0.00972
-0.10, 0.30, 0.00, -0.00010
-0.10, 0.30, 0.00, -0.00850
-0.10, 0.30, 0.00, -0.01568
-0.10, 0.30, 0.00, -0.02005
-0.10, 0.30, 0.00, -0.02084
-0.10, 0.30, 0.00, -0.01757
-0.10, 0.30, 0.00, -0.01048
-0.10, 0.30, 0.00, -0.00325
-0.10, 0.30, 0.00, 0.00366
-0.10, 0.30, 0.00, 0.01039
-0.10, 0.30, 0.00, 0.01405
-0.10, 0.30, 0.00, 0.01573
-0.10, 0.30, 0.00, 0.01569
-0.10, 0.30, 0.00, 0.01197
-0.10, 0.30, 0.00, 0.00611
-0.10, 0.30, 0.00, 0.00107
-0.10, 0.30, 0.00, -0.00560
-0.10, 0.30, 0.00, -0.01101
-0.10, 0.30, 0.00, -0.01293
-0.10, 0.30, 0.00, -0.01431
-0.10, 0.30, 0.00, -0.01197
-0.10, 0.30, 0.00, -0.00740
-0.10, 0.30, 0.00, -0.00205
-0.10, 0.30, 0.00, 0.00300
-0.10, 0.30, 0.00, 0.00706
-0.10, 0.30, 0.00, 0.01013
-0.10, 0.30, 0.00, 0.01045
-0.10, 0.30, 0.00, 0.01123
-0.10, 0.30, 0.00, 0.00973
-0.10, 0.30, 0.00, 0.00509
-0.10, 0.30, 0.00, 0.00032
-0.10, 0.30, 0.00, -0.00313
-0.10, 0.30, 0.00, -0.00584
-0.10, 0.30, 0.00, -0.00901
-0.10, 0.30, 0.00, -0.00964
-0.10, 0.30, 0.00, -0.00918
-0.10, 0.30, 0.00, -0.00729
-0.10, 0.30, 0.00, -0.00431
-0.10, 0.30, 0.00, -0.00127
-0.10, 0.30, 0.00, 0.00240
-0.10, 0.30, 0.00, 0.00587
-0.10, 0.30, 0.00, 0.00663
-0.10, 0.30, 0.00, 0.00787
-0.10, 0.30, 0.00, 0.00788
-0.10, 0.30, 0.00, 0.00668
-0.10, 0.30, 0.00, 0.00423
-0.10, 0.30, 0.00, 0.00028
-0.10, 0.30, 0.00, -0.00112
-0.10, 0.30, 0.00, -0.00517
-0.10, 0.30, 0.00, -0.00771
-0.10, 0.30, 0.00, -0.00746
-0.10, 0.30, 0.20, -0.00760
-0.10, 0.30, 0.20, -0.00510
-0.10, 0.30, 0.20, 0.00682
-0.10, 0.30, 0.20, 0.02463
-0.10, 0.30, 0.20, 0.04923
-0.10, 0.30, 0.20, 0.07730
-0.10, 0.30, 0.20, 0.10785
-0.10, 0.30, 0.20, 0.14220
-0.10, 0.30, 0.20, 0.17863
-0.10, 0.30, 0.20, 0.21509
-0.10, 0.30, 0.20, 0.24675
-0.10, 0.30, 0.20, 0.27215
-0.10, 0.30, 0.20, 0.28764
-0.10, 0.30, 0.20, 0.29419
-0.10, 0.30, 0.20, 0.29592
-0.10, 0.30, 0.20, 0.28984
-0.10, 0.30, 0.20, 0.27507
-0.10, 0.30, 0.20, 0.25232
-0.10, 0.30, 0.20, 0.22852
-0.10, 0.30, 0.20, 0.19763
-0.10, 0.30, 0.20, 0.16949
-0.10, 0.30, 0.20, 0.15192
-0.10, 0.30, 0.20, 0.14429
-0.10, 0.30, 0.20, 0.14247
-0.10, 0.30, 0.20, 0.15092
-0.10, 0.30, 0.20, 0.16614
-0.10, 0.30, 0.20, 0.18658
-0.10, 0.30, 0.20, 0.20705
-0.10, 0.30, 0.20, 0.22613
-0.10, 0.30, 0.20, 0.23633
-0.10, 0.30, 0.20, 0.24210
-0.10, 0.30, 0.20, 0.24018
-0.10, 0.30, 0.20, 0.23286
-0.10, 0.30, 0.20, 0.22038
-0.10, 0.30, 0.20, 0.20580
-0.10, 0.30, 0.20, 0.19155
-0.10, 0.30, 0.20, 0.17685
-0.10, 0.30, 0.20, 0.16947
-0.10, 0.30, 0.20, 0.16816
-0.10, 0.30, 0.20, 0.16993
-0.10, 0.30, 0.20, 0.17685
-0.10, 0.30, 0.20, 0.18853
-0.10, 0.30, 0.20, 0.19909
-0.10, 0.30, 0.20, 0.21008
-0.10, 0.30, 0.20, 0.21991
-0.10, 0.30, 0.20, 0.22523
-0.10, 0.30, 0.20, 0.22583
-0.10, 0.30, 0.20, 0.22103
-0.10, 0.30, 0.20, 0.21419
-0.10, 0.30, 0.20, 0.20572
-0.10, 0.30, 0.20, 0.19532
-0.10, 0.30, 0.20, 0.18600
-0.10, 0.30, 0.20, 0.18021
-0.10, 0.30, 0.20, 0.17864
-0.10, 0.30, 0.20, 0.18037
-0.10, 0.30, 0.20, 0.18502
-0.10, 0.30, 0.20, 0.19229
-0.10, 0.30, 0.20, 0.19916
-0.10, 0.30, 0.20, 0.20668
-0.10, 0.30, 0.20, 0.21260
-0.10, 0.30, 0.20, 0.21674
-0.10, 0.30, 0.20, 0.21684
-0.10, 0.30, 0.20, 0.21573
-0.10, 0.30, 0.20, 0.21089
-0.10, 0.30, 0.20, 0.20513
-0.10, 0.30, 0.20, 0.19856
-0.10, 0.30, 0.20, 0.19242
-0.10, 0.30, 0.20, 0.18716
-0.10, 0.30, 0.20, 0.18523
-0.10, 0.30, 0.20, 0.18412
-0.10, 0.30, 0.20, 0.18733
-0.10, 0.30, 0.20, 0.19232
-0.10, 0.30, 0.20, 0.19779
-0.10, 0.30, 0.20, 0.20368
-0.10, 0.30, 0.20, 0.20860
-0.10, 0.30, 0.20, 0.21173
-0.10, 0.30, 0.20, 0.21313
-0.10, 0.30, 0.20, 0.21268
-0.10, 0.30, 0.20, 0.20983
-0.10, 0.30, 0.20, 0.20552
-0.10, 0.30, 0.20, 0.19966
-0.10, 0.30, 0.20, 0.19466
-0.10, 0.30, 0.20, 0.19107
-0.10, 0.30, 0.20, 0.18919
-0.10, 0.30, 0.20, 0.18788
-0.10, 0.30, 0.20, 0.18974
-0.10, 0.30, 0.20, 0.19360
-0.10, 0.30, 0.20, 0.19830
-0.10, 0.30, 0.20, 0.20200
-0.10, 0.30, 0.20, 0.20583
-0.10, 0.30, 0.20, 0.20876
-0.10, 0.30, 0.00, 0.20940
-0.10, 0.30, 0.00, 0.20879
-0.10, 0.30, 0.00, 0.19889
-0.10, 0.30, 0.00, 0.18177
-0.10, 0.30, 0.00, 0.15498
-0.10, 0.30, 0.00, 0.12556
-0.10, 0.30, 0.00, 0.09644
-0.10, 0.30, 0.00, 0.05731
-0.10, 0.30, 0.00, 0.02215
-0.10, 0.30, 0.00, -0.01449
-0.10, 0.30, 0.00, -0.04616
-0.10, 0.30, 0.00, -0.06927
-0.10, 0.30, 0.00, -0.07787
-0.10, 0.30, 0.00, -0.07562
-0.10, 0.30, 0.00, -0.06315
-0.10, 0.30, 0.00, -0.04435
-0.10, 0.30, 0.00, -0.02284
-0.10, 0.30, 0.00, 0.00559
-0.10, 0.30, 0.00, 0.02895
-0.10, 0.30, 0.00, 0.04391
-0.10, 0.30, 0.00, 0.05097
-0.10, 0.30, 0.00, 0.04944
-0.10, 0.30, 0.00, 0.03911
-0.10, 0.30, 0.00, 0.02316
-0.10, 0.30, 0.00, 0.00414
-0.10, 0.30, 0.00, -0.01274
-0.10, 0.30, 0.00, -0.02773
-0.10, 0.30, 0.00, -0.03558
-0.10, 0.30, 0.00, -0.03712
-0.10, 0.30, 0.00, -0.03331
-0.10, 0.30, 0.00, -0.02527
-0.10, 0.30, 0.00, -0.01226
-0.10, 0.30, 0.00, 0.00017
-0.10, 0.30, 0.00, 0.01336
-0.10, 0.30, 0.00, 0.02318
-0.10, 0.30, 0.00, 0.02659
-0.10, 0.30, 0.00, 0.02723
-0.10, 0.30, 0.00, 0.02414
-0.10, 0.30, 0.00, 0.01522
-0.10, 0.30, 0.00, 0.00589
-0.10, 0.30, 0.00, -0.00439
-0.10, 0.30, 0.00, -0.01330
-0.10, 0.30, 0.00, -0.02082
-0.10, 0.30, 0.00, -0.02239
-0.10, 0.30, 0.00, -0.01982
-0.10, 0.30, 0.00, -0.01636
-0.10, 0.30, 0.00, -0.00918
-0.10, 0.30, 0.00, -0.00020
-0.10, 0.30, 0.00, 0.00676
-0.10, 0.30, 0.00, 0.01357
-0.10, 0.30, 0.00, 0.01714
-0.10, 0.30, 0.00, 0.01825
-0.10, 0.30, 0.00, 0.01538
-0.10, 0.30, 0.00, 0.01117
-0.10, 0.30, 0.00, 0.00493
-0.10, 0.30, 0.00, -0.00102
-0.10, 0.30, 0.00, -0.00760
-0.10, 0.30, 0.00, -0.01272
-0.10, 0.30, 0.00, -0.01413
-0.10, 0.30, 0.00, -0.01467
-0.10, 0.30, 0.00, -0.01170
-0.10, 0.30, 0.00, -0.00698
-0.10, 0.30, 0.00, -0.00182
-0.10, 0.30, 0.00, 0.00430
-0.10, 0.30, 0.00, 0.00770
-0.10, 0.30, 0.00, 0.01063
-0.10, 0.30, 0.00, 0.01140
-0.10, 0.30, 0.00, 0.01109
-0.10, 0.30, 0.00, 0.00903
-0.10, 0.30, 0.00, 0.00497
-0.10, 0.30, 0.00, 0.00168
-0.10, 0.30, 0.00, -0.00331
-0.10, 0.30, 0.00, -0.00751
-0.10, 0.30, 0.00, -0.00920
-0.10, 0.30, 0.00, -0.00990
-0.10, 0.30, 0.00, -0.00993
-0.10, 0.30, 0.00, -0.00781
-0.10, 0.30, 0.00, -0.00425
-0.10, 0.30, 0.00, -0.00036
-0.10, 0.30, 0.00, 0.00230
-0.10, 0.30, 0.00, 0.00500
-0.10, 0.30, 0.00, 0.00709
-0.10, 0.30, 0.00, 0.00906
-0.10, 0.30, 0.00, 0.00800
-0.10, 0.30, 0.00, 0.00647
-0.10, 0.30, 0.00, 0.00449
-0.10, 0.30, 0.00, 0.00159
-0.10, 0.30, 0.00, -0.00188
-0.10, 0.30, 0.00, -0.00473
-0.10, 0.30, 0.00, -0.00698
-0.10, 0.30, 0.00, -0.00835
-0.10, 0.30, 0.20, -0.00689
-0.10, 0.30, 0.20, -0.00550
-0.10, 0.30, 0.20, 0.00627
-0.10, 0.30, 0.20, 0.02430
-0.10, 0.30, 0.20, 0.04935
-0.10, 0.30, 0.20, 0.07664
-0.10, 0.30, 0.20, 0.10725
-0.10, 0.30, 0.20, 0.13737
-0.10, 0.30, 0.20, 0.17362
-0.10, 0.30, 0.20, 0.21111
-0.10, 0.30, 0.20, 0.24545
-0.10, 0.30, 0.20, 0.26579
-0.10, 0.30, 0.20, 0.27534
-0.10, 0.30, 0.20, 0.27781
-0.10, 0.30, 0.20, 0.27169
-0.10, 0.30, 0.20, 0.25647
-0.10, 0.30, 0.20, 0.23588
-0.10, 0.30, 0.20, 0.21265
-0.10, 0.30, 0.20, 0.18832
-0.10, 0.30, 0.20, 0.16563
-0.10, 0.30, 0.20, 0.15253
-0.10, 0.30, 0.20, 0.14776
-0.10, 0.30, 0.20, 0.15025
-0.10, 0.30, 0.20, 0.16185
-0.10, 0.30, 0.20, 0.17840
-0.10, 0.30, 0.20, 0.19669
-0.10, 0.30, 0.20, 0.21475
-0.10, 0.30, 0.20, 0.22945
-0.10, 0.30, 0.20, 0.23694
-0.10, 0.30, 0.20, 0.23965
-0.10, 0.30, 0.20, 0.23441
-0.10, 0.30, 0.20, 0.22343
-0.10, 0.30, 0.20, 0.21103
-0.10, 0.30, 0.20, 0.19758
-0.10, 0.30, 0.20, 0.18331
-0.10, 0.30, 0.20, 0.17276
-0.10, 0.30, 0.20, 0.17056
-0.10, 0.30, 0.20, 0.17143
-0.10, 0.30, 0.20, 0.17641
-0.10, 0.30, 0.20, 0.18532
-0.10, 0.30, 0.20, 0.19705
-0.10, 0.30, 0.20, 0.20827
-0.10, 0.30, 0.20, 0.21764
-0.10, 0.30, 0.20, 0.22295
-0.10, 0.30, 0.20, 0.22456
-0.10, 0.30, 0.20, 0.22248
-0.10, 0.30, 0.20, 0.21601
-0.10, 0.30, 0.20, 0.20761
-0.10, 0.30, 0.20, 0.19914
-0.10, 0.30, 0.20, 0.19151
-0.10, 0.30, 0.20, 0.18345
-0.10, 0.30, 0.20, 0.18111
-0.10, 0.30, 0.20, 0.18178
-0.10, 0.30, 0.20, 0.18368
-0.10, 0.30, 0.20, 0.18910
-0.10, 0.30, 0.20, 0.19556
-0.10, 0.30, 0.20, 0.20269
-0.10, 0.30, 0.20, 0.20848
-0.10, 0.30, 0.20, 0.21272
-0.10, 0.30, 0.20, 0.21526
-0.10, 0.30, 0.20, 0.21559
-0.10, 0.30, 0.20, 0.21294
-0.10, 0.30, 0.20, 0.20864
-0.10, 0.30, 0.20, 0.20141
-0.10, 0.30, 0.20, 0.19640
-0.10, 0.30, 0.20, 0.19157
-0.10, 0.30, 0.20, 0.18676
-0.10, 0.30, 0.20, 0.18564
-0.10, 0.30, 0.20, 0.18680
-0.10, 0.30, 0.20, 0.18959
-0.10, 0.30, 0.20, 0.19468
-0.10, 0.30, 0.20, 0.19987
-0.10, 0.30, 0.20, 0.20537
-0.10, 0.30, 0.20, 0.20860
-0.10, 0.30, 0.20, 0.21123
-0.10, 0.30, 0.20, 0.21235
-0.10, 0.30, 0.20, 0.21082
-0.10, 0.30, 0.20, 0.20828
-0.10, 0.30, 0.20, 0.20479
-0.10, 0.30, 0.20, 0.20109
-0.10, 0.30, 0.20, 0.19596
-0.10, 0.30, 0.20, 0.19074
-0.10, 0.30, 0.20, 0.18958
-0.10, 0.30, 0.20, 0.18922
-0.10, 0.30, 0.20, 0.18991
-0.10, 0.30, 0.20, 0.19223
-0.10, 0.30, 0.20, 0.19596
-0.10, 0.30, 0.20, 0.20005
-0.10, 0.30, 0.20, 0.20461
-0.10, 0.30, 0.20, 0.20651
-0.10, 0.30, 0.20, 0.20789
-0.10, 0.30, 0.20, 0.20826
-0.10, 0.30, 0.00, 0.20808
-0.10, 0.30, 0.00, 0.20551
-0.10, 0.30, 0.00, 0.19475
-0.10, 0.30, 0.00, 0.17486
-0.10, 0.30, 0.00, 0.15175
-0.10, 0.30, 0.00, 0.12287
-0.10, 0.30, 0.00, 0.09239
-0.10, 0.30, 0.00, 0.05826
-0.10, 0.30, 0.00, 0.02418
-0.10, 0.30, 0.00, -0.01138
-0.10, 0.30, 0.00, -0.04347
-0.10, 0.30, 0.00, -0.06584
-0.10, 0.30, 0.00, -0.07604
-0.10, 0.30, 0.00, -0.07760
-0.10, 0.30, 0.00, -0.06876
-0.10, 0.30, 0.00, -0.05272
-0.10, 0.30, 0.00, -0.03211
-0.10, 0.30, 0.00, -0.00707
-0.10, 0.30, 0.00, 0.01679
-0.10, 0.30, 0.00, 0.03607
-0.10, 0.30, 0.00, 0.04785
-0.10, 0.30, 0.00, 0.05105
-0.10, 0.30, 0.00, 0.04797
-0.10, 0.30, 0.00, 0.03545
-0.10, 0.30, 0.00, 0.01914
-0.10, 0.30, 0.00, 0.00231
-0.10, 0.30, 0.00, -0.01440
-0.10, 0.30, 0.00, -0.02867
-0.10, 0.30, 0.00, -0.03533
-0.10, 0.30, 0.00, -0.03543
-0.10, 0.30, 0.00, -0.03192
-0.10, 0.30, 0.00, -0.02352
-0.10, 0.30, 0.00, -0.01083
-0.10, 0.30, 0.00, 0.00359
-0.10, 0.30, 0.00, 0.01575
-0.10, 0.30, 0.00, 0.02378
-0.10, 0.30, 0.00, 0.02657
-0.10, 0.30, 0.00, 0.02735
-0.10, 0.30, 0.00, 0.02156
-0.10, 0.30, 0.00, 0.01331
-0.10, 0.30, 0.00, 0.00341
-0.10, 0.30, 0.00, -0.00551
-0.10, 0.30, 0.00, -0.01434
-0.10, 0.30, 0.00, -0.02055
-0.10, 0.30, 0.00, -0.02166
-0.10, 0.30, 0.00, -0.01967
-0.10, 0.30, 0.00, -0.01500
-0.10, 0.30, 0.00, -0.00682
-0.10, 0.30, 0.00, 0.00170
-0.10, 0.30, 0.00, 0.00809
-0.10, 0.30, 0.00, 0.01285
-0.10, 0.30, 0.00, 0.01680
-0.10, 0.30, 0.00, 0.01653
-0.10, 0.30, 0.00, 0.01363
-0.10, 0.30, 0.00, 0.00768
-0.10, 0.30, 0.00, 0.00205
-0.10, 0.30, 0.00, -0.00413
-0.10, 0.30, 0.00, -0.00936
-0.10, 0.30, 0.00, -0.01325
-0.10, 0.30, 0.00, -0.01290
-0.10, 0.30, 0.00, -0.01291
-0.10, 0.30, 0.00, -0.00978
-0.10, 0.30, 0.00, -0.00528
-0.10, 0.30, 0.00, 0.00065
-0.10, 0.30, 0.00, 0.00575
-0.10, 0.30, 0.00, 0.00918
-0.10, 0.30, 0.00, 0.01035
-0.10, 0.30, 0.00, 0.01124
-0.10, 0.30, 0.00, 0.00945
-0.10, 0.30, 0.00, 0.00727
-0.10, 0.30, 0.00, 0.00218
-0.10, 0.30, 0.00, -0.00075
-0.10, 0.30, 0.00, -0.00471
-0.10, 0.30, 0.00, -0.00824
-0.10, 0.30, 0.00, -0.00892
-0.10, 0.30, 0.00, -0.00946
-0.10, 0.30, 0.00, -0.00886
-0.10, 0.30, 0.00, -0.00518
-0.10, 0.30, 0.00, -0.00203
-0.10, 0.30, 0.00, 0.00125
-0.10, 0.30, 0.00, 0.00392
-0.10, 0.30, 0.00, 0.00686
-0.10, 0.30, 0.00, 0.00748
-0.10, 0.30, 0.00, 0.00716
-0.10, 0.30, 0.00, 0.00648
-0.10, 0.30, 0.00, 0.00568
-0.10, 0.30, 0.00, 0.00260
-0.10, 0.30, 0.00, -0.00129
-0.10, 0.30, 0.00, -0.00448
-0.10, 0.30, 0.00, -0.00525
-0.10, 0.30, 0.00, -0.00683
-0.10, 0.30, 0.00, -0.00724
-0.10, 0.30, 0.20, -0.00536
-0.10, 0.30, 0.20, -0.00281
-0.10, 0.30, 0.20, 0.00938
-0.10, 0.30, 0.20, 0.02794
-0.10, 0.30, 0.20, 0.05193
-0.10, 0.30, 0.20, 0.07899
-0.10, 0.30, 0.20, 0.10905
-0.10, 0.30, 0.20, 0.14171
-0.10, 0.30, 0.20, 0.17822
-0.10, 0.30, 0.20, 0.21711
-0.10, 0.30, 0.20, 0.24751
-0.10, 0.30, 0.20, 0.26855
-0.10, 0.30, 0.20, 0.27774
-0.10, 0.30, 0.20, 0.27960
-0.10, 0.30, 0.20, 0.27220
-0.10, 0.30, 0.20, 0.25538
-0.10, 0.30, 0.20, 0.23339
-0.10, 0.30, 0.20, 0.20587
-0.10, 0.30, 0.20, 0.17975
-0.10, 0.30, 0.20, 0.15914
-0.10, 0.30, 0.20, 0.14655
-0.10, 0.30, 0.20, 0.14165
-0.10, 0.30, 0.20, 0.14716
-0.10, 0.30, 0.20, 0.16193
-0.10, 0.30, 0.20, 0.18231
-0.10, 0.30, 0.20, 0.20314
-0.10, 0.30, 0.20, 0.22256
-0.10, 0.30, 0.20, 0.23558
-0.10, 0.30, 0.20, 0.24159
-0.10, 0.30, 0.20, 0.24066
-0.10, 0.30, 0.20, 0.23523
-0.10, 0.30, 0.20, 0.22282
-0.10, 0.30, 0.20, 0.20866
-0.10, 0.30, 0.20, 0.19222
-0.10, 0.30, 0.20, 0.17760
-0.10, 0.30, 0.20, 0.16966
-0.10, 0.30, 0.20, 0.16835
-0.10, 0.30, 0.20, 0.16855
-0.10, 0.30, 0.20, 0.17623
-0.10, 0.30, 0.20, 0.18742
-0.10, 0.30, 0.20, 0.19955
-0.10, 0.30, 0.20, 0.21089
-0.10, 0.30, 0.20, 0.22124
-0.10, 0.30, 0.20, 0.22617
-0.10, 0.30, 0.20, 0.22590
-0.10, 0.30, 0.20, 0.22195
-0.10, 0.30, 0.20, 0.21460
-0.10, 0.30, 0.20, 0.20506
-0.10, 0.30, 0.20, 0.19491
-0.10, 0.30, 0.20, 0.18603
-0.10, 0.30, 0.20, 0.17993
-0.10, 0.30, 0.20, 0.17854
-0.10, 0.30, 0.20, 0.17880
-0.10, 0.30, 0.20, 0.18410
-0.10, 0.30, 0.20, 0.19183
-0.10, 0.30, 0.20, 0.19901
-0.10, 0.30, 0.20, 0.20627
-0.10, 0.30, 0.20, 0.21339
-0.10, 0.30, 0.20, 0.21752
-0.10, 0.30, 0.20, 0.21783
-0.10, 0.30, 0.20, 0.21688
-0.10, 0.30, 0.20, 0.21211
-0.10, 0.30, 0.20, 0.20647
-0.10, 0.30, 0.20, 0.19910
-0.10, 0.30, 0.20, 0.19246
-0.10, 0.30, 0.20, 0.18752
-0.10, 0.30, 0.20, 0.18469
-0.10, 0.30, 0.20, 0.18469
-0.10, 0.30, 0.20, 0.18572
-0.10, 0.30, 0.20, 0.19100
-0.10, 0.30, 0.20, 0.19623
-0.10, 0.30, 0.20, 0.20241
-0.10, 0.30, 0.20, 0.20734
-0.10, 0.30, 0.20, 0.21116
-0.10, 0.30, 0.20, 0.21283
-0.10, 0.30, 0.20, 0.21325
-0.10, 0.30, 0.20, 0.21184
-0.10, 0.30, 0.20, 0.20765
-0.10, 0.30, 0.20, 0.20172
-0.10, 0.30, 0.20, 0.19578
-0.10, 0.30, 0.20, 0.19270
-0.10, 0.30, 0.20, 0.18882
-0.10, 0.30, 0.20, 0.18836
-0.10, 0.30, 0.20, 0.18735
-0.10, 0.30, 0.20, 0.19010
-0.10, 0.30, 0.20, 0.19544
-0.10, 0.30, 0.20, 0.19892
-0.10, 0.30, 0.20, 0.20304
-0.10, 0.30, 0.20, 0.20705
-0.10, 0.30, 0.20, 0.21029
-0.10, 0.30, 0.20, 0.21045
-0.10, 0.30, 0.20, 0.21044
-0.10, 0.30, 0.00, 0.20889
-0.10, 0.30, 0.00, 0.20430
-0.10, 0.30, 0.00, 0.18999
-0.10, 0.30, 0.00, 0.16950
-0.10, 0.30, 0.00, 0.14512
-0.10, 0.30, 0.00, 0.11709
-0.10, 0.30, 0.00, 0.08475
-0.10, 0.30, 0.00, 0.05171
-0.10, 0.30, 0.00, 0.01769
-0.10, 0.30, 0.00, -0.01893
-0.10, 0.30, 0.00, -0.05059
-0.10, 0.30, 0.00, -0.06887
-0.10, 0.30, 0.00, -0.07622
-0.10, 0.30, 0.00, -0.07642
-0.10, 0.30, 0.00, -0.06771
-0.10, 0.30, 0.00, -0.05102
-0.10, 0.30, 0.00, -0.02867
-0.10, 0.30, 0.00, -0.00395
-0.10, 0.30, 0.00, 0.01908
-0.10, 0.30, 0.00, 0.03705
-0.10, 0.30, 0.00, 0.04742
-0.10, 0.30, 0.00, 0.04996
-0.10, 0.30, 0.00, 0.04609
-0.10, 0.30, 0.00, 0.03379
-0.10, 0.30, 0.00, 0.01666
-0.10, 0.30, 0.00, -0.00138
-0.10, 0.30, 0.00, -0.01776
-0.10, 0.30, 0.00, -0.03128
-0.10, 0.30, 0.00, -0.03715
-0.10, 0.30, 0.00, -0.03542
-0.10, 0.30, 0.00, -0.02740
-0.10, 0.30, 0.00, -0.01478
-0.10, 0.30, 0.00, -0.00232
-0.10, 0.30, 0.00, 0.00978
-0.10, 0.30, 0.00, 0.02069
-0.10, 0.30, 0.00, 0.02576
-0.10, 0.30, 0.00, 0.02620
-0.10, 0.30, 0.00, 0.02478
-0.10, 0.30, 0.00, 0.01854
-0.10, 0.30, 0.00, 0.00887
-0.10, 0.30, 0.00, -0.00125
-0.10, 0.30, 0.00, -0.00971
-0.10, 0.30, 0.00, -0.01765
-0.10, 0.30, 0.00, -0.02038
-0.10, 0.30, 0.00, -0.02090
-0.10, 0.30, 0.00, -0.01784
-0.10, 0.30, 0.00, -0.01110
-0.10, 0.30, 0.00, -0.00385
-0.10, 0.30, 0.00, 0.00334
-0.10, 0.30, 0.00, 0.00963
-0.10, 0.30, 0.00, 0.01457
-0.10, 0.30, 0.00, 0.01542
-0.10, 0.30, 0.00, 0.01460
-0.10, 0.30, 0.00, 0.01222
-0.10, 0.30, 0.00, 0.00719
-0.10, 0.30, 0.00, 0.00137
-0.10, 0.30, 0.00, -0.00435
-0.10, 0.30, 0.00, -0.00929
-0.10, 0.30, 0.00, -0.01299
-0.10, 0.30, 0.00, -0.01354
-0.10, 0.30, 0.00, -0.01113
-0.10, 0.30, 0.00, -0.00765
-0.10, 0.30, 0.00, -0.00278
-0.10, 0.30, 0.00, 0.00115
-0.10, 0.30, 0.00, 0.00585
-0.10, 0.30, 0.00, 0.00881
-0.10, 0.30, 0.00, 0.00939
-0.10, 0.30, 0.00, 0.00988
-0.10, 0.30, 0.00, 0.00930
-0.10, 0.30, 0.00, 0.00682
-0.10, 0.30, 0.00, 0.00213
-0.10, 0.30, 0.00, -0.00192
-0.10, 0.30, 0.00, -0.00584
-0.10, 0.30, 0.00, -0.00891
-0.10, 0.30, 0.00, -0.00973
-0.10, 0.30, 0.00, -0.00974
-0.10, 0.30, 0.00, -0.00874
-0.10, 0.30, 0.00, -0.00487
-0.10, 0.30, 0.00, -0.00049
-0.10, 0.30, 0.00, 0.00348
-0.10, 0.30, 0.00, 0.00633
-0.10, 0.30, 0.00, 0.00743
-0.10, 0.30, 0.00, 0.00892
-0.10, 0.30, 0.00, 0.00955
-0.10, 0.30, 0.00, 0.00633
-0.10, 0.30, 0.00, 0.00286
-0.10, 0.30, 0.00, 0.00055
-0.10, 0.30, 0.00, -0.00241
-0.10, 0.30, 0.00, -0.00533
-0.10, 0.30, 0.00, -0.00811
-0.10, 0.30, 0.00, -0.00821
-0.10, 0.30, 0.20, -0.00782
-0.10, 0.30, 0.20, -0.00430
-0.10, 0.30, 0.20, 0.00681
-0.10, 0.30, 0.20, 0.02617
-0.10, 0.30, 0.20, 0.04879
-0.10, 0.30, 0.20, 0.07488
-0.10, 0.30, 0.20, 0.10622
-0.10, 0.30, 0.20, 0.13955
-0.10, 0.30, 0.20, 0.17553
-0.10, 0.30, 0.20, 0.21493
-0.10, 0.30, 0.20, 0.24519
-0.10, 0.30, 0.20, 0.26780
-0.10, 0.30, 0.20, 0.27604
-0.10, 0.30, 0.20, 0.27739
-0.10, 0.30, 0.20, 0.26972
-0.10, 0.30, 0.20, 0.25536
-0.10, 0.30, 0.20, 0.23490
-0.10, 0.30, 0.20, 0.20907
-0.10, 0.30, 0.20, 0.18208
-0.10, 0.30, 0.20, 0.16194
-0.10, 0.30, 0.20, 0.14876
-0.10, 0.30, 0.20, 0.14519
-0.10, 0.30, 0.20, 0.14992
-0.10, 0.30, 0.20, 0.16239
-0.10, 0.30, 0.20, 0.18014
-0.10, 0.30, 0.20, 0.20003
-0.10, 0.30, 0.20, 0.21837
-0.10, 0.30, 0.20, 0.23314
-0.10, 0.30, 0.20, 0.23893
-0.10, 0.30, 0.20, 0.24014
-0.10, 0.30, 0.20, 0.23444
-0.10, 0.30, 0.20, 0.22181
-0.10, 0.30, 0.20, 0.20733
-0.10, 0.30, 0.20, 0.19310
-0.10, 0.30, 0.20, 0.17982
-0.10, 0.30, 0.20, 0.17208
-0.10, 0.30, 0.20, 0.16878
-0.10, 0.30, 0.20, 0.17051
-0.10, 0.30, 0.20, 0.17759
-0.10, 0.30, 0.20, 0.18915
-0.10, 0.30, 0.20, 0.19986
-0.10, 0.30, 0.20, 0.21126
-0.10, 0.30, 0.20, 0.21965
-0.10, 0.30, 0.20, 0.22406
-0.10, 0.30, 0.20, 0.22495
-0.10, 0.30, 0.20, 0.22274
-0.10, 0.30, 0.20, 0.21546
-0.10, 0.30, 0.20, 0.20623
-0.10, 0.30, 0.20, 0.19730
-0.10, 0.30, 0.20, 0.18832
-0.10, 0.30, 0.20, 0.18077
-0.10, 0.30, 0.20, 0.17975
-0.10, 0.30, 0.20, 0.18066
-0.10, 0.30, 0.20, 0.18481
-0.10, 0.30, 0.20, 0.19219
-0.10, 0.30, 0.20, 0.19697
-0.10, 0.30, 0.20, 0.20444
-0.10, 0.30, 0.20, 0.21072
-0.10, 0.30, 0.20, 0.21401
-0.10, 0.30, 0.20, 0.21603
-0.10, 0.30, 0.20, 0.21603
-0.10, 0.30, 0.20, 0.21231
-0.10, 0.30, 0.20, 0.20715
-0.10, 0.30, 0.20, 0.20042
-0.10, 0.30, 0.20, 0.19551
-0.10, 0.30, 0.20, 0.18962
-0.10, 0.30, 0.20, 0.18509
-0.10, 0.30, 0.20, 0.18487
-0.10, 0.30, 0.20, 0.18648
-0.10, 0.30, 0.20, 0.19011
-0.10, 0.30, 0.20, 0.19452
-0.10, 0.30, 0.20, 0.19979
-0.10, 0.30, 0.20, 0.20600
-0.10, 0.30, 0.20, 0.20964
-0.10, 0.30, 0.20, 0.21187
-0.10, 0.30, 0.20, 0.21356
-0.10, 0.30, 0.20, 0.21339
-0.10, 0.30, 0.20, 0.20911
-0.10, 0.30, 0.20, 0.20438
-0.10, 0.30, 0.20, 0.19978
-0.10, 0.30, 0.20, 0.19475
-0.10, 0.30, 0.20, 0.19093
-0.10, 0.30, 0.20, 0.18806
-0.10, 0.30, 0.20, 0.18813
-0.10, 0.30, 0.20, 0.18922
-0.10, 0.30, 0.20, 0.19266
-0.10, 0.30, 0.20, 0.19676
-0.10, 0.30, 0.20, 0.20140
-0.10, 0.30, 0.20, 0.20507
-0.10, 0.30, 0.20, 0.20726
-0.10, 0.30, 0.20, 0.20912
-0.10, 0.30, 0.20, 0.20992
-0.10, 0.30, 0.00, 0.20835
-0.10, 0.30, 0.00, 0.20568
-0.10, 0.30, 0.00, 0.19435
-0.10, 0.30, 0.00, 0.17513
-0.10, 0.30, 0.00, 0.14969
-0.10, 0.30, 0.00, 0.12037
-0.10, 0.30, 0.00, 0.08914
-0.10, 0.30, 0.00, 0.05639
-0.10, 0.30, 0.00, 0.02061
-0.10, 0.30, 0.00, -0.01460
-0.10, 0.30, 0.00, -0.04819
-0.10, 0.30, 0.00, -0.06847
-0.10, 0.30, 0.00, -0.07699
-0.10, 0.30, 0.00, -0.07485
-0.10, 0.30, 0.00, -0.06384
-0.10, 0.30, 0.00, -0.04691
-0.10, 0.30, 0.00, -0.02472
-0.10, 0.30, 0.00, 0.00041
-0.10, 0.30, 0.00, 0.02502
-0.10, 0.30, 0.00, 0.03990
-0.10, 0.30, 0.00, 0.04807
-0.10, 0.30, 0.00, 0.04863
-0.10, 0.30, 0.00, 0.04272
-0.10, 0.30, 0.00, 0.02910
-0.10, 0.30, 0.00, 0.01193
-0.10, 0.30, 0.00, -0.00582
-0.10, 0.30, 0.00, -0.02168
-0.10, 0.30, 0.00, -0.03092
-0.10, 0.30, 0.00, -0.03598
-0.10, 0.30, 0.00, -0.03407
-0.10, 0.30, 0.00, -0.02742
-0.10, 0.30, 0.00, -0.01636
-0.10, 0.30, 0.00, -0.00348
-0.10, 0.30, 0.00, 0.00893
-0.10, 0.30, 0.00, 0.01993
-0.10, 0.30, 0.00, 0.02471
-0.10, 0.30, 0.00, 0.02667
-0.10, 0.30, 0.00, 0.02421
-0.10, 0.30, 0.00, 0.01743
-0.10, 0.30, 0.00, 0.00806
-0.10, 0.30, 0.00, -0.00063
-0.10, 0.30, 0.00, -0.00853
-0.10, 0.30, 0.00, -0.01771
-0.10, 0.30, 0.00, -0.02055
-0.10, 0.30, 0.00, -0.02035
-0.10, 0.30, 0.00, -0.01596
-0.10, 0.30, 0.00, -0.01004
-0.10, 0.30, 0.00, -0.00279
-0.10, 0.30, 0.00, 0.00447
-0.10, 0.30, 0.00, 0.01116
-0.10, 0.30, 0.00, 0.01465
-0.10, 0.30, 0.00, 0.01666
-0.10, 0.30, 0.00, 0.01527
-0.10, 0.30, 0.00, 0.01110
-0.10, 0.30, 0.00, 0.00479
-0.10, 0.30, 0.00, -0.00075
-0.10, 0.30, 0.00, -0.00574
-0.10, 0.30, 0.00, -0.01100
-0.10, 0.30, 0.00, -0.01476
-0.10, 0.30, 0.00, -0.01338
-0.10, 0.30, 0.00, -0.01096
-0.10, 0.30, 0.00, -0.00666
-0.10, 0.30, 0.00, -0.00124
-0.10, 0.30, 0.00, 0.00252
-0.10, 0.30, 0.00, 0.00629
-0.10, 0.30, 0.00, 0.00875
-0.10, 0.30, 0.00, 0.01026
-0.10, 0.30, 0.00, 0.01073
-0.10, 0.30, 0.00, 0.00955
-0.10, 0.30, 0.00, 0.00571
-0.10, 0.30, 0.00, 0.00159
-0.10, 0.30, 0.00, -0.00184
-0.10, 0.30, 0.00, -0.00631
-0.10, 0.30, 0.00, -0.00877
-0.10, 0.30, 0.00, -0.00918
-0.10, 0.30, 0.00, -0.00874
-0.10, 0.30, 0.00, -0.00755
-0.10, 0.30, 0.00, -0.00387
-0.10, 0.30, 0.00, -0.00124
-0.10, 0.30, 0.00, 0.00243
-0.10, 0.30, 0.00, 0.00519
-0.10, 0.30, 0.00, 0.00686
-0.10, 0.30, 0.00, 0.00746
-0.10, 0.30, 0.00, 0.00708
-0.10, 0.30, 0.00, 0.00629
-0.10, 0.30, 0.00, 0.00392
-0.10, 0.30, 0.00, 0.00131
-0.10, 0.30, 0.00, -0.00286
-0.10, 0.30, 0.00, -0.00571
-0.10, 0.30, 0.00, -0.00671
-0.10, 0.30, 0.00, -0.00715
-0.10, 0.30, 0.20, -0.00769
-0.10, 0.30, 0.20, -0.00431
-0.10, 0.30, 0.20, 0.00856
-0.10, 0.30, 0.20, 0.02483
-0.10, 0.30, 0.20, 0.04769
-0.10, 0.30, 0.20, 0.07409
-0.10, 0.30, 0.20, 0.10783
-0.10, 0.30, 0.20, 0.14117
-0.10, 0.30, 0.20, 0.17712
-0.10, 0.30, 0.20, 0.21861
-0.10, 0.30, 0.20, 0.25006
-0.10, 0.30, 0.20, 0.27089
-0.10, 0.30, 0.20, 0.27830
-0.10, 0.30, 0.20, 0.27950
-0.10, 0.30, 0.20, 0.27150
-0.10, 0.30, 0.20, 0.25623
-0.10, 0.30, 0.20, 0.23477
-0.10, 0.30, 0.20, 0.20755
-0.10, 0.30, 0.20, 0.18173
-0.10, 0.30, 0.20, 0.15935
-0.10, 0.30, 0.20, 0.14717
-0.10, 0.30, 0.20, 0.14409
-0.10, 0.30, 0.20, 0.14731
-0.10, 0.30, 0.20, 0.15940
-0.10, 0.30, 0.20, 0.17829
-0.10, 0.30, 0.20, 0.19890
-0.10, 0.30, 0.20, 0.21838
-0.10, 0.30, 0.20, 0.23379
-0.10, 0.30, 0.20, 0.24012
-0.10, 0.30, 0.20, 0.24119
-0.10, 0.30, 0.20, 0.23637
-0.10, 0.30, 0.20, 0.22371
-0.10, 0.30, 0.20, 0.20905
-0.10, 0.30, 0.20, 0.19368
-0.10, 0.30, 0.20, 0.17963
-0.10, 0.30, 0.20, 0.17038
-0.10, 0.30, 0.20, 0.16828
-0.10, 0.30, 0.20, 0.16960
-0.10, 0.30, 0.20, 0.17709
-0.10, 0.30, 0.20, 0.18740
-0.10, 0.30, 0.20, 0.19977
-0.10, 0.30, 0.20, 0.21124
-0.10, 0.30, 0.20, 0.21959
-0.10, 0.30, 0.20, 0.22466
-0.10, 0.30, 0.20, 0.22557
-0.10, 0.30, 0.20, 0.22271
-0.10, 0.30, 0.20, 0.21496
-0.10, 0.30, 0.20, 0.20602
-0.10, 0.30, 0.20, 0.19655
-0.10, 0.30, 0.20, 0.18821
-0.10, 0.30, 0.20, 0.18142
-0.10, 0.30, 0.20, 0.17923
-0.10, 0.30, 0.20, 0.17886
-0.10, 0.30, 0.20, 0.18370
-0.10, 0.30, 0.20, 0.19212
-0.10, 0.30, 0.20, 0.19969
-0.10, 0.30, 0.20, 0.20536
-0.10, 0.30, 0.20, 0.21193
-0.10, 0.30, 0.20, 0.21614
-0.10, 0.30, 0.20, 0.21766
-0.10, 0.30, 0.20, 0.21593
-0.10, 0.30, 0.20, 0.21160
-0.10, 0.30, 0.20, 0.20515
-0.10, 0.30, 0.20, 0.19872
-0.10, 0.30, 0.20, 0.19261
-0.10, 0.30, 0.20, 0.18718
-0.10, 0.30, 0.20, 0.18525
-0.10, 0.30, 0.20, 0.18539
-0.10, 0.30, 0.20, 0.18718
-0.10, 0.30, 0.20, 0.19286
-0.10, 0.30, 0.20, 0.19813
-0.10, 0.30, 0.20, 0.20300
-0.10, 0.30, 0.20, 0.20714
-0.10, 0.30, 0.20, 0.21102
-0.10, 0.30, 0.20, 0.21242
-0.10, 0.30, 0.20, 0.21195
-0.10, 0.30, 0.20, 0.21038
-0.10, 0.30, 0.20, 0.20615
-0.10, 0.30, 0.20, 0.20177
-0.10, 0.30, 0.20, 0.19626
-0.10, 0.30, 0.20, 0.19230
-0.10, 0.30, 0.20, 0.19024
-0.10, 0.30, 0.20, 0.18872
-0.10, 0.30, 0.20, 0.18853
-0.10, 0.30, 0.20, 0.19062
-0.10, 0.30, 0.20, 0.19396
-0.10, 0.30, 0.20, 0.19927
-0.10, 0.30, 0.20, 0.20305
-0.10, 0.30, 0.20, 0.20665
-0.10, 0.30, 0.20, 0.20963
-0.10, 0.30, 0.20, 0.20956
-0.10, 0.30, 0.00, 0.20923
-0.10, 0.30, 0.00, 0.20684
-0.10, 0.30, 0.00, 0.19562
-0.10, 0.30, 0.00, 0.17541
-0.10, 0.30, 0.00, 0.15166
-0.10, 0.30, 0.00, 0.12446
-0.10, 0.30, 0.00, 0.09374
-0.10, 0.30, 0.00, 0.05880
-0.10, 0.30, 0.00, 0.02366
-0.10, 0.30, 0.00, -0.01315
-0.10, 0.30, 0.00, -0.04399
-0.10, 0.30, 0.00, -0.06614
-0.10, 0.30, 0.00, -0.07711
-0.10, 0.30, 0.00, -0.07636
-0.10, 0.30, 0.00, -0.06813
-0.10, 0.30, 0.00, -0.05408
-0.10, 0.30, 0.00, -0.03199
-0.10, 0.30, 0.00, -0.00520
-0.10, 0.30, 0.00, 0.01931
-0.10, 0.30, 0.00, 0.03826
-0.10, 0.30, 0.00, 0.04934
-0.10, 0.30, 0.00, 0.05185
-0.10, 0.30, 0.00, 0.04543
-0.10, 0.30, 0.00, 0.03256
-0.10, 0.30, 0.00, 0.01642
-0.10, 0.30, 0.00, -0.00055
-0.10, 0.30, 0.00, -0.01816
-0.10, 0.30, 0.00, -0.03110
-0.10, 0.30, 0.00, -0.03627
-0.10, 0.30, 0.00, -0.03526
-0.10, 0.30, 0.00, -0.02948
-0.10, 0.30, 0.00, -0.01859
-0.10, 0.30, 0.00, -0.00422
-0.10, 0.30, 0.00, 0.00884
-0.10, 0.30, 0.00, 0.01941
-0.10, 0.30, 0.00, 0.02600
-0.10, 0.30, 0.00, 0.02730
-0.10, 0.30, 0.00, 0.02507
-0.10, 0.30, 0.00, 0.01871
-0.10, 0.30, 0.00, 0.00965
-0.10, 0.30, 0.00, 0.00037
-0.10, 0.30, 0.00, -0.00964
-0.10, 0.30, 0.00, -0.01725
-0.10, 0.30, 0.00, -0.02132
-0.10, 0.30, 0.00, -0.02183
-0.10, 0.30, 0.00, -0.01823
-0.10, 0.30, 0.00, -0.01173
-0.10, 0.30, 0.00, -0.00322
-0.10, 0.30, 0.00, 0.00433
-0.10, 0.30, 0.00, 0.01041
