0.00000, 0.00125
0.00000, 1.75790
0.00000, 0.00017
0.00000, -0.00019
0.00000, -0.00307
0.00000, -0.00163
0.00000, -0.00163
0.00000, 0.00017
0.00000, 0.00484
0.00000, 0.00053
0.00000, -0.00127
0.00000, 0.00161
0.00000, -0.00019
0.00000, 0.01095
0.00000, -0.00163
0.00000, 0.01419
0.00000, 0.01275
0.00000, 0.00987
0.00000, -0.00127
0.00000, -0.00019
0.00000, 0.00161
0.00000, 0.01131
0.00000, -0.00127
0.00000, 0.00484
0.00000, 0.00053
0.00000, -0.00307
0.00000, 0.00484
0.00000, 0.00053
0.00000, -0.00163
0.00000, 0.00233
0.00000, 0.00053
0.00000, -0.00738
0.00000, 0.00197
0.00000, -0.00055
0.00000, -0.00450
0.00000, -0.00199
0.00000, 0.00125
0.00000, -0.00666
0.00000, 0.00161
0.00000, 0.00520
0.00000, -0.00307
0.00000, -0.00882
0.00000, -0.00163
0.00000, -0.00271
0.00000, 0.00089
0.00000, -0.00235
0.00000, 0.00340
0.00000, -0.00019
0.00000, 0.00089
0.00000, 0.00772
0.00000, 0.00053
0.00000, -0.00019
0.00000, 0.00269
0.00000, -0.00127
0.00000, -0.00091
0.00000, -0.00019
0.00000, 0.00053
0.00000, -0.00019
0.00000, -0.00019
0.00000, -0.00379
0.00000, -0.00019
0.00000, -0.00163
0.00000, 0.00053
0.00000, -0.00019
0.00000, 0.00412
0.00000, -0.00019
0.00000, 0.01023
0.00000, 0.00017
0.00000, 0.00376
0.00000, -0.00307
0.00000, -0.00271
0.00000, -0.00019
0.00000, 0.00161
0.00000, -0.01241
0.00000, -0.02104
0.00000, 0.00161
0.00000, -0.00055
0.00000, 0.00053
0.00000, 0.00340
0.00000, 0.00233
0.00000, 0.00412
0.00000, 0.00089
0.00000, -0.00522
0.00000, -0.00307
0.00000, 0.01275
0.00000, -0.00019
0.00000, -0.00163
0.00000, -0.00091
0.00000, -0.00307
0.00000, 0.00089
0.00000, -0.00055
0.00000, 0.00053
0.00000, -0.01744
0.00000, 0.00125
0.00000, -0.00091
0.00000, -0.00163
0.00000, -0.00091
0.00000, -0.00307
0.00000, 0.00304
0.00000, -0.00235
0.00000, -0.00163
0.00000, 0.00125
0.00000, -0.00163
0.00000, -0.00055
0.00000, 0.00700
0.00000, 0.00089
0.00000, -0.00127
0.00000, 0.00197
0.00000, -0.00091
0.00000, 0.00089
0.00000, 0.01131
0.00000, -0.00019
0.00000, -0.00594
0.00000, 0.00053
0.00000, 0.00556
0.00000, -0.00055
0.00000, -0.00630
0.00000, -0.00163
0.00000, -0.00019
0.00000, -0.00019
0.00000, -0.00379
0.00000, 0.00161
0.00000, -0.00091
0.00000, -0.00055
0.00000, -0.00055
0.00000, -0.00019
0.00000, -0.00055
0.00000, -0.00307
0.00000, 0.00017
0.00000, -0.00163
0.00000, -0.00163
0.00000, 0.00376
0.00000, -0.01421
0.00000, -0.00846
0.00000, -0.01313
0.00000, 0.00053
0.00000, -0.00163
0.00000, 0.00808
0.00000, 0.00125
0.00000, 0.00053
0.00000, -0.00450
0.00000, -0.00379
0.00000, -0.00019
0.00000, 0.00017
0.00000, -0.00450
0.00000, -0.00738
0.00000, -0.00127
0.00000, -0.00019
0.00000, -0.00271
0.00000, -0.00522
0.00000, -0.00163
0.00000, 0.00844
0.00000, 0.00844
0.00000, 0.00017
0.00000, -0.00091
0.00000, -0.00414
0.00000, -0.00055
0.00000, -0.00271
0.00000, -0.00055
0.00000, 0.00556
0.00000, -0.00019
0.00000, 0.00125
0.00000, -0.00163
0.00000, 0.01275
0.00000, -0.00163
0.00000, 0.00125
0.00000, 0.00053
0.00000, -0.00307
0.00000, 0.00233
0.00000, -0.00127
0.00000, -0.00450
0.00000, -0.00163
0.00000, -0.00163
0.00000, 0.00161
0.00000, 0.00053
0.00000, 0.00125
0.00000, 0.00125
0.00000, 0.00161
0.00000, -0.00055
0.00000, -0.00163
0.00000, 0.00053
0.00000, -0.00019
0.00000, -0.00343
0.00000, -0.00486
0.00000, 0.00448
0.00000, -0.00019
0.00000, -0.00558
0.00000, -0.00019
0.00000, -0.00127
0.00000, -0.00019
0.00000, 0.00053
0.00000, -0.01313
0.00000, 0.00017
0.00000, 0.00269
0.00000, 0.00304
0.00000, -0.00271
0.00000, -0.00163
0.00000, -0.00019
0.00000, 0.00017
0.00000, 0.00053
0.00000, -0.00055
0.00000, 0.00125
0.00000, -0.00019
0.00000, 0.00161
0.00000, -0.00450
0.00000, -0.00163
0.00000, -0.00450
0.00000, 0.00197
0.00000, -0.00091
0.00000, 0.00053
0.00000, 0.00448
0.00000, -0.00235
0.00000, -0.00450
0.00000, 0.00269
0.00000, -0.00055
0.00000, -0.00307
0.00000, -0.00307
0.00000, 0.00664
0.00000, -0.00630
0.00000, -0.00127
0.00000, -0.00091
0.00000, -0.00594
0.00000, -0.00019
0.00000, -0.00163
0.00000, 0.02030
0.00000, 0.00269
0.00000, -0.00055
0.00000, -0.00163
0.00000, -0.00163
0.00000, 0.00304
0.00000, -0.00019
0.00000, 0.00197
0.00000, -0.00163
0.00000, 0.00161
0.00000, -0.00163
0.00000, 0.00053
0.00000, -0.00163
0.00000, -0.00127
0.00000, 0.00053
0.00000, -0.00091
0.00000, 0.00089
0.00000, -0.00091
0.00000, 0.00053
0.00000, -0.00163
0.00000, -0.00091
0.00000, -0.00594
0.00000, 0.00017
0.00000, -0.00163
0.00000, -0.00163
0.00000, 0.00017
0.00000, -0.00091
0.00000, 0.00161
0.00000, 0.00412
0.00000, -0.00307
0.00000, -0.00055
0.00000, -0.00019
0.00000, 0.00125
0.00000, 0.00017
0.00000, 0.00197
0.00000, -0.00019
0.00000, 0.00125
0.00000, 0.00089
0.00000, -0.00666
0.00000, -0.00127
0.00000, -0.00091
0.00000, -0.00019
0.00000, -0.00163
0.00000, 0.00197
0.00000, -0.00343
0.00000, -0.00235
0.00000, 0.00269
0.00000, 0.00089
0.00000, -0.00307
0.00000, -0.00163
0.00000, -0.00163
0.00000, 0.00053
0.00000, 0.00017
0.00000, -0.00055
0.00000, -0.00307
0.00000, -0.00019
0.00000, 0.00053
0.00000, -0.01026
0.00000, 0.00017
0.00000, 0.00125
0.00000, 0.00304
0.00000, -0.00019
0.00000, -0.00163
0.00000, -0.00163
0.00000, 0.00304
0.00000, 0.00017
0.00000, -0.00163
0.00000, -0.00307
0.00000, -0.00163
0.00000, -0.00019
0.00000, -0.00127
0.00000, -0.00091
0.00000, -0.00307
0.00000, 0.00017
0.00000, 0.00161
0.00000, 0.00161
0.00000, -0.00450
0.00000, -0.00307
0.00000, -0.00019
0.00000, 0.00053
0.00000, 0.00017
0.00000, -0.00450
0.00000, -0.00271
0.00000, -0.00594
0.00000, 0.00089
0.00000, 0.00053
0.00000, 0.00340
0.00000, 0.00053
0.00000, 0.00125
0.00000, 0.00125
0.00000, -0.00019
0.00000, 0.00053
0.00000, 0.00125
0.00000, -0.00019
0.00000, 0.00017
0.00000, -0.00307
0.00000, -0.00379
0.00000, 0.00844
0.00000, 0.01311
0.00000, -0.00127
0.00000, -0.00019
0.00000, 0.00125
0.00000, -0.00019
0.00000, 0.00053
0.00000, 0.00448
0.00000, 0.00412
0.00000, 0.00053
0.20000, 0.00053
0.20000, -0.00091
0.20000, -0.00163
0.20000, 0.00053
0.20000, 0.00125
0.20000, -0.00127
0.20000, 0.00772
0.20000, -0.00810
0.20000, 0.01095
0.20000, 0.01239
0.20000, 0.01778
0.20000, 0.02246
0.20000, 0.02138
0.20000, 0.02785
0.20000, 0.02928
0.20000, 0.03180
0.20000, 0.03647
0.20000, 0.05121
0.20000, 0.04582
0.20000, 0.03935
0.20000, 0.05768
0.20000, 0.05876
0.20000, 0.06199
0.20000, 0.06523
0.20000, 0.06739
0.20000, 0.07458
0.20000, 0.07673
0.20000, 0.07314
0.20000, 0.08392
0.20000, 0.08572
0.20000, 0.08895
0.20000, 0.10872
0.20000, 0.09758
0.20000, 0.10046
0.20000, 0.10333
0.20000, 0.09974
0.20000, 0.10621
0.20000, 0.12166
0.20000, 0.11807
0.20000, 0.11987
0.20000, 0.11771
0.20000, 0.11196
0.20000, 0.11951
0.20000, 0.12634
0.20000, 0.12849
0.20000, 0.13137
0.20000, 0.13137
0.20000, 0.13640
0.20000, 0.14000
0.20000, 0.13784
0.20000, 0.14215
0.20000, 0.14215
0.20000, 0.14575
0.20000, 0.14790
0.20000, 0.15078
0.20000, 0.15222
0.20000, 0.15330
0.20000, 0.15941
0.20000, 0.15941
0.20000, 0.16228
0.20000, 0.16049
0.20000, 0.16192
0.20000, 0.16156
0.20000, 0.16516
0.20000, 0.16731
0.20000, 0.17666
0.20000, 0.16372
0.20000, 0.16803
0.20000, 0.17127
0.20000, 0.17091
0.20000, 0.17307
0.20000, 0.17522
0.20000, 0.17738
0.20000, 0.17810
0.20000, 0.17738
0.20000, 0.17990
0.20000, 0.17954
0.20000, 0.18241
0.20000, 0.18025
0.20000, 0.17666
0.20000, 0.18421
0.20000, 0.18241
0.20000, 0.18385
0.20000, 0.18673
0.20000, 0.18565
0.20000, 0.18708
0.20000, 0.18960
0.20000, 0.19248
0.20000, 0.18529
0.20000, 0.18924
0.20000, 0.19032
0.20000, 0.19212
0.20000, 0.19715
0.20000, 0.19571
0.20000, 0.19284
0.20000, 0.19248
0.20000, 0.19068
0.20000, 0.19355
0.20000, 0.19427
0.20000, 0.19248
0.20000, 0.19607
0.20000, 0.19176
0.20000, 0.19535
0.20000, 0.20218
0.20000, 0.19679
0.20000, 0.19751
0.20000, 0.19571
0.20000, 0.19535
0.20000, 0.20002
0.20000, 0.19823
0.20000, 0.19823
0.20000, 0.19391
0.20000, 0.19787
0.20000, 0.19607
0.20000, 0.19751
0.20000, 0.19787
0.20000, 0.19715
0.20000, 0.19895
0.20000, 0.19787
0.20000, 0.19895
0.20000, 0.20254
0.20000, 0.19391
0.20000, 0.19823
0.20000, 0.20326
0.20000, 0.17846
0.20000, 0.19967
0.20000, 0.19931
0.20000, 0.20362
0.20000, 0.19787
0.20000, 0.19787
0.20000, 0.20829
0.20000, 0.19391
0.20000, 0.20002
0.20000, 0.19823
0.20000, 0.20002
0.20000, 0.19895
0.20000, 0.20146
0.20000, 0.19391
0.20000, 0.19895
0.20000, 0.20650
0.20000, 0.20038
0.20000, 0.20685
0.20000, 0.20002
0.20000, 0.19643
0.20000, 0.20002
0.20000, 0.20254
0.20000, 0.20614
0.20000, 0.20146
0.20000, 0.20038
0.20000, 0.19967
0.20000, 0.19535
0.20000, 0.19859
0.20000, 0.19967
0.20000, 0.20254
0.20000, 0.20182
0.20000, 0.19859
0.20000, 0.20218
0.20000, 0.20146
0.20000, 0.20002
0.20000, 0.19823
0.20000, 0.19823
0.20000, 0.19751
0.20000, 0.19967
0.20000, 0.20002
0.20000, 0.20254
0.20000, 0.19967
0.20000, 0.19643
0.20000, 0.20074
0.20000, 0.19895
0.20000, 0.20110
0.20000, 0.20290
0.20000, 0.19787
0.20000, 0.19967
0.20000, 0.19104
0.20000, 0.19679
0.20000, 0.21261
0.20000, 0.19967
0.20000, 0.19823
0.20000, 0.20038
0.20000, 0.19751
0.20000, 0.19859
0.20000, 0.20074
0.20000, 0.19895
0.20000, 0.19967
0.20000, 0.19859
0.20000, 0.19859
0.20000, 0.19967
0.20000, 0.19967
0.20000, 0.19823
0.20000, 0.19967
0.20000, 0.19967
0.20000, 0.20254
0.20000, 0.20506
0.20000, 0.19643
0.20000, 0.19787
0.20000, 0.19967
0.20000, 0.19895
0.20000, 0.19823
0.20000, 0.19571
0.20000, 0.19391
0.20000, 0.19823
0.20000, 0.19643
0.20000, 0.20182
0.20000, 0.19967
0.20000, 0.20254
0.20000, 0.20002
0.20000, 0.20038
0.20000, 0.19391
0.20000, 0.19823
0.20000, 0.20002
0.20000, 0.19967
0.20000, 0.19967
0.20000, 0.19967
0.20000, 0.19967
0.20000, 0.19607
0.20000, 0.19823
0.20000, 0.19895
0.20000, 0.20002
0.20000, 0.19823
0.20000, 0.20398
0.20000, 0.19823
0.20000, 0.20254
0.20000, 0.19679
0.20000, 0.20146
0.20000, 0.20110
0.20000, 0.19967
0.20000, 0.20038
0.20000, 0.19823
0.20000, 0.19787
0.20000, 0.19859
0.20000, 0.20038
0.20000, 0.19823
0.20000, 0.19967
0.20000, 0.20290
0.20000, 0.20110
0.20000, 0.19931
0.20000, 0.19751
0.20000, 0.19967
0.20000, 0.19787
0.20000, 0.20506
0.20000, 0.19967
0.20000, 0.19751
0.20000, 0.20650
0.20000, 0.19967
0.20000, 0.19895
0.20000, 0.20038
0.20000, 0.19751
0.20000, 0.19679
0.20000, 0.19967
0.20000, 0.19823
0.20000, 0.20038
0.20000, 0.20182
0.20000, 0.20110
0.20000, 0.19823
0.20000, 0.19823
0.20000, 0.19967
0.20000, 0.20002
0.20000, 0.19967
0.20000, 0.20038
0.20000, 0.19895
0.20000, 0.19967
0.20000, 0.19823
0.20000, 0.21548
0.20000, 0.20074
0.20000, 0.19787
0.20000, 0.19967
0.20000, 0.19679
0.20000, 0.19895
0.20000, 0.19859
0.20000, 0.19751
0.20000, 0.20038
0.20000, 0.19895
0.20000, 0.19967
0.20000, 0.19967
0.20000, 0.20182
0.20000, 0.19571
0.20000, 0.19967
0.20000, 0.20110
0.20000, 0.19967
0.20000, 0.21440
0.20000, 0.19859
0.20000, 0.20110
0.20000, 0.19895
0.20000, 0.19967
0.20000, 0.20254
0.20000, 0.20038
0.20000, 0.19643
0.20000, 0.18852
0.20000, 0.19679
0.20000, 0.19607
0.20000, 0.19967
0.20000, 0.20254
0.20000, 0.19823
0.20000, 0.20398
0.20000, 0.19751
0.20000, 0.20038
0.20000, 0.19859
0.20000, 0.19391
0.20000, 0.19571
0.20000, 0.20793
0.20000, 0.19967
0.20000, 0.17774
0.20000, 0.19068
0.20000, 0.20038
0.20000, 0.20002
0.20000, 0.20038
0.20000, 0.19859
0.20000, 0.19499
0.20000, 0.19787
0.20000, 0.19967
0.20000, 0.19823
0.20000, 0.19679
0.20000, 0.20002
0.20000, 0.19751
0.20000, 0.19859
0.20000, 0.20002
0.20000, 0.19535
0.20000, 0.20038
0.20000, 0.20110
0.20000, 0.18816
0.20000, 0.19715
0.20000, 0.19859
0.20000, 0.20218
0.20000, 0.19751
0.20000, 0.19967
0.20000, 0.19787
0.20000, 0.19571
0.20000, 0.18529
0.20000, 0.19967
0.20000, 0.19823
0.20000, 0.19823
0.20000, 0.18960
0.20000, 0.19967
0.20000, 0.19715
0.20000, 0.19967
0.20000, 0.19463
0.20000, 0.20038
0.20000, 0.20110
0.20000, 0.19895
0.20000, 0.20218
0.20000, 0.19859
0.20000, 0.20290
0.20000, 0.19967
0.20000, 0.20362
0.20000, 0.20146
0.20000, 0.20254
0.20000, 0.20110
0.20000, 0.20398
0.20000, 0.20542
0.20000, 0.19715
0.20000, 0.20038
0.20000, 0.20254
0.20000, 0.20254
0.20000, 0.19967
0.20000, 0.19823
0.20000, 0.19859
0.20000, 0.20398
0.20000, 0.20038
0.20000, 0.20614
0.20000, 0.20110
0.20000, 0.19499
0.20000, 0.20110
0.20000, 0.19751
0.20000, 0.19895
0.20000, 0.20254
0.20000, 0.19967
0.20000, 0.19967
0.20000, 0.19391
0.20000, 0.20002
0.20000, 0.19679
0.20000, 0.19967
0.20000, 0.19967
0.20000, 0.19967
0.20000, 0.19823
0.20000, 0.20146
0.20000, 0.20362
0.20000, 0.20002
0.20000, 0.19967
0.20000, 0.19787
0.20000, 0.20038
0.20000, 0.20146
0.20000, 0.19895
0.20000, 0.19967
0.20000, 0.19859
0.20000, 0.19715
0.20000, 0.19463
0.20000, 0.19967
0.20000, 0.19967
0.20000, 0.19679
0.20000, 0.20434
0.20000, 0.19679
0.20000, 0.20002
0.20000, 0.20002
0.20000, 0.20146
0.20000, 0.19679
0.20000, 0.20038
0.20000, 0.19859
0.20000, 0.19859
0.20000, 0.20110
0.20000, 0.19967
0.20000, 0.19859
0.20000, 0.19859
0.20000, 0.20038
0.20000, 0.19895
0.20000, 0.20254
0.20000, 0.19859
0.20000, 0.19571
0.20000, 0.19967
0.20000, 0.20721
0.20000, 0.19679
0.20000, 0.19895
0.20000, 0.20110
0.20000, 0.19499
0.20000, 0.19967
0.20000, 0.19823
0.20000, 0.19787
0.20000, 0.19823
0.20000, 0.19823
0.20000, 0.19895
0.20000, 0.20002
0.20000, 0.19751
0.20000, 0.19967
0.20000, 0.19571
0.20000, 0.19679
0.20000, 0.19751
0.20000, 0.19895
0.20000, 0.19859
0.20000, 0.19391
0.20000, 0.19967
0.20000, 0.19823
0.20000, 0.19823
0.20000, 0.19823
0.20000, 0.20038
0.20000, 0.20434
0.20000, 0.20110
0.20000, 0.20146
0.20000, 0.20038
0.20000, 0.19679
0.20000, 0.20470
0.20000, 0.20002
0.20000, 0.19967
0.20000, 0.19427
0.20000, 0.19967
0.20000, 0.18816
0.20000, 0.19967
0.20000, 0.20685
0.20000, 0.20110
0.20000, 0.19967
0.20000, 0.19967
0.20000, 0.20110
0.20000, 0.19823
0.20000, 0.20254
0.20000, 0.19607
0.20000, 0.19859
0.20000, 0.20110
0.20000, 0.20002
0.20000, 0.19859
0.20000, 0.19967
0.20000, 0.20254
0.20000, 0.20362
0.20000, 0.20290
0.20000, 0.19967
0.20000, 0.19967
0.20000, 0.20182
0.20000, 0.19679
0.20000, 0.19859
0.20000, 0.18385
0.20000, 0.20110
0.20000, 0.19535
0.20000, 0.20002
0.20000, 0.19967
0.20000, 0.19679
0.20000, 0.19967
0.20000, 0.19967
0.20000, 0.20038
0.20000, 0.19607
0.20000, 0.20254
0.20000, 0.19931
0.20000, 0.20038
0.20000, 0.19679
0.20000, 0.19859
0.20000, 0.20038
0.20000, 0.20146
0.20000, 0.19859
0.20000, 0.19895
0.20000, 0.19895
0.20000, 0.19679
0.20000, 0.19823
0.20000, 0.19859
0.20000, 0.19895
0.20000, 0.20290
0.20000, 0.19967
0.20000, 0.19643
0.20000, 0.20038
0.20000, 0.19895
0.20000, 0.19895
0.20000, 0.19967
0.20000, 0.19967
0.20000, 0.19715
0.20000, 0.19967
0.20000, 0.20002
0.20000, 0.19967
0.20000, 0.19823
0.20000, 0.19967
0.20000, 0.19787
0.20000, 0.19895
0.20000, 0.22842
0.20000, 0.19679
0.20000, 0.19823
0.00000, 0.19967
0.00000, 0.19823
0.00000, 0.20038
0.00000, 0.19895
0.00000, 0.19535
0.00000, 0.19895
0.00000, 0.19607
0.00000, 0.19427
0.00000, 0.18816
0.00000, 0.18673
0.00000, 0.18385
0.00000, 0.17522
0.00000, 0.17666
0.00000, 0.18241
0.00000, 0.16875
0.00000, 0.16516
0.00000, 0.16588
0.00000, 0.15545
0.00000, 0.15294
0.00000, 0.14647
0.00000, 0.14431
0.00000, 0.13856
0.00000, 0.13424
0.00000, 0.13424
0.00000, 0.13065
0.00000, 0.14143
0.00000, 0.12130
0.00000, 0.11627
0.00000, 0.11843
0.00000, 0.10980
0.00000, 0.10908
0.00000, 0.10369
0.00000, 0.10765
0.00000, 0.09578
0.00000, 0.09974
0.00000, 0.09866
0.00000, 0.09650
0.00000, 0.09399
0.00000, 0.08212
0.00000, 0.07709
0.00000, 0.07745
0.00000, 0.07314
0.00000, 0.07494
0.00000, 0.06847
0.00000, 0.07350
0.00000, 0.06990
0.00000, 0.06487
0.00000, 0.06164
0.00000, 0.05876
0.00000, 0.07350
0.00000, 0.05373
0.00000, 0.05193
0.00000, 0.04941
0.00000, 0.04834
0.00000, 0.04726
0.00000, 0.04654
0.00000, 0.04618
0.00000, 0.04043
0.00000, 0.04294
0.00000, 0.04043
0.00000, 0.03863
0.00000, 0.03791
0.00000, 0.03288
0.00000, 0.02857
0.00000, 0.03000
0.00000, 0.03216
0.00000, 0.02713
0.00000, 0.02497
0.00000, 0.02497
0.00000, 0.02497
0.00000, 0.02210
0.00000, 0.02425
0.00000, 0.02353
0.00000, 0.02857
0.00000, 0.02030
0.00000, 0.02138
0.00000, 0.01706
0.00000, 0.02138
0.00000, 0.02138
0.00000, 0.01634
0.00000, 0.01455
0.00000, 0.01311
0.00000, 0.01563
0.00000, 0.00844
0.00000, 0.01275
0.00000, 0.01131
0.00000, 0.00844
0.00000, 0.01167
0.00000, 0.00844
0.00000, 0.01311
0.00000, 0.00844
0.00000, 0.00844
0.00000, 0.00808
0.00000, 0.00340
0.00000, 0.00628
0.00000, 0.00448
0.00000, 0.00269
0.00000, 0.00412
0.00000, 0.00556
0.00000, 0.00484
0.00000, 0.00412
0.00000, 0.00125
0.00000, -0.00522
0.00000, 0.00592
0.00000, 0.00269
0.00000, 0.00340
0.00000, 0.00340
0.00000, -0.00450
0.00000, 0.00556
0.00000, 0.00125
0.00000, 0.01059
0.00000, 0.00125
0.00000, 0.00089
0.00000, -0.01313
0.00000, -0.00055
0.00000, 0.00053
0.00000, 0.00197
0.00000, 0.00053
0.00000, 0.00161
0.00000, 0.00269
0.00000, -0.00522
0.00000, -0.00450
0.00000, 0.00987
0.00000, 0.00844
0.00000, -0.00055
0.00000, -0.00271
0.00000, 0.00340
0.00000, -0.00019
0.00000, -0.00450
0.00000, -0.00019
0.00000, 0.00233
0.00000, 0.00125
0.00000, 0.01347
0.00000, 0.00089
0.00000, 0.00376
0.00000, -0.00163
0.00000, 0.00125
0.00000, 0.00269
0.00000, -0.00019
0.00000, 0.00125
0.00000, 0.00053
0.00000, -0.00163
0.00000, 0.00340
0.00000, 0.01275
0.00000, -0.00127
0.00000, 0.00089
0.00000, 0.00916
0.00000, 0.00053
0.00000, -0.00163
0.00000, -0.00019
0.00000, 0.00125
0.00000, 0.00053
0.00000, 0.00412
0.00000, -0.00019
0.00000, -0.00019
0.00000, 0.00017
0.00000, 0.00736
0.00000, -0.00163
0.00000, 0.00017
0.00000, 0.00340
0.00000, 0.00125
0.00000, 0.00161
0.00000, -0.00954
0.00000, -0.00091
0.00000, -0.00163
0.00000, -0.00055
0.00000, -0.00163
0.00000, 0.00808
0.00000, 0.00053
0.00000, 0.00053
0.00000, 0.00556
0.00000, 0.00197
0.00000, 0.00017
0.00000, -0.00414
0.00000, 0.00125
0.00000, -0.00055
0.00000, 0.00089
0.00000, 0.00017
0.00000, 0.00017
0.00000, 0.00053
0.00000, -0.00127
0.00000, 0.00412
0.00000, 0.00053
0.00000, -0.00055
0.00000, 0.00412
0.00000, -0.00091
0.00000, 0.00053
0.00000, -0.00091
0.00000, -0.00163
0.00000, 0.00053
0.00000, -0.00450
0.00000, 0.00089
0.00000, -0.00127
0.00000, 0.00125
0.00000, 0.00017
0.00000, 0.00125
0.00000, -0.00127
0.00000, -0.00055
0.00000, 0.00951
0.00000, -0.00019
0.00000, -0.00091
0.00000, 0.00125
0.00000, 0.00269
0.00000, -0.00055
0.00000, -0.00127
0.00000, -0.00019
0.00000, 0.00484
0.00000, -0.00055
0.00000, 0.01563
0.00000, -0.00091
0.00000, 0.00412
0.00000, 0.00161
0.00000, 0.00269
0.00000, -0.00450
0.00000, 0.00017
0.00000, -0.00630
0.00000, 0.00197
0.00000, 0.00053
0.00000, 0.00233
0.00000, 0.00017
0.00000, 0.00269
0.00000, 0.00053
0.00000, 0.00520
0.00000, -0.00379
0.00000, 0.00556
0.00000, -0.00379
0.00000, 0.00053
0.00000, 0.00125
0.00000, -0.00379
0.00000, -0.00019
0.00000, -0.00019
0.00000, -0.00307
0.00000, -0.00019
0.00000, 0.00053
0.00000, -0.00019
0.00000, -0.00486
0.00000, 0.00053
0.00000, 0.00161
0.00000, -0.00019
0.00000, -0.00450
0.00000, -0.00163
0.00000, -0.00307
0.00000, 0.01059
0.00000, -0.00127
0.00000, 0.00484
0.00000, 0.00053
0.00000, -0.00163
0.00000, 0.00340
0.00000, -0.00450
0.00000, -0.00379
0.00000, 0.00197
0.00000, -0.00019
0.00000, 0.00017
0.00000, 0.00556
0.00000, 0.00664
0.00000, 0.00053
0.00000, -0.00235
0.00000, 0.00269
0.00000, -0.01097
0.00000, 0.00412
0.00000, -0.00019
0.00000, -0.00163
0.00000, -0.00055
0.00000, 0.00053
0.00000, -0.00055
0.00000, 0.00233
0.00000, 0.00197
0.00000, -0.00055
0.00000, 0.00161
0.00000, 0.00161
0.00000, 0.00197
0.00000, 0.01994
0.00000, 0.00089
0.00000, -0.00055
0.00000, -0.00558
0.00000, 0.00484
0.00000, -0.00127
0.00000, 0.00304
0.00000, 0.00125
0.00000, -0.00199
0.00000, -0.00019
0.00000, -0.00019
0.00000, 0.00304
0.00000, 0.00053
0.00000, 0.00448
0.00000, -0.00127
0.00000, 0.00053
0.00000, 0.00017
0.00000, 0.00376
0.00000, 0.00125
0.00000, 0.00376
0.00000, 0.00089
0.00000, -0.00019
0.00000, 0.00125
0.00000, -0.00271
0.00000, -0.00055
0.00000, 0.00269
0.00000, -0.00163
0.00000, 0.00161
0.00000, -0.00019
0.00000, -0.00918
0.00000, 0.00125
0.00000, -0.00163
0.00000, 0.00161
0.00000, 0.00125
0.00000, 0.00125
0.00000, 0.01491
0.00000, 0.00592
0.00000, -0.00127
0.00000, -0.00163
0.00000, -0.00163
0.00000, 0.00197
0.00000, -0.00055
0.00000, 0.00125
0.00000, 0.00125
0.00000, 0.00916
0.00000, 0.00125
0.00000, -0.00199
0.00000, -0.00019
0.00000, 0.00053
0.00000, -0.00019
0.00000, 0.00197
0.00000, -0.00019
0.00000, -0.00307
0.00000, 0.00017
0.00000, 0.00053
0.00000, -0.00127
0.00000, 0.00556
0.00000, -0.00522
0.00000, -0.00019
0.00000, -0.00127
0.00000, -0.00163
0.00000, -0.01313
0.00000, 0.00053
0.00000, 0.00125
0.00000, 0.00053
0.00000, 0.00053
0.00000, 0.00197
0.00000, 0.00053
0.00000, 0.00304
0.00000, -0.00271
0.00000, -0.01026
0.00000, 0.00664
0.00000, -0.00199
0.00000, 0.00161
0.00000, 0.00089
0.00000, 0.00017
0.00000, 0.00161
0.00000, -0.00163
0.00000, -0.00019
0.00000, 0.00053
0.00000, -0.00450
0.00000, 0.00017
0.00000, -0.00055
0.00000, -0.00019
0.00000, -0.00307
0.00000, 0.00125
0.00000, 0.00340
0.00000, -0.00307
0.00000, -0.00091
0.00000, 0.00125
0.00000, -0.00163
0.00000, -0.00091
0.00000, 0.00017
0.00000, 0.00412
0.00000, 0.00017
0.00000, 0.00053
0.00000, 0.00161
0.00000, -0.00055
0.00000, -0.00163
0.00000, 0.00017
0.00000, 0.00700
0.00000, 0.00233
0.00000, -0.00055
0.00000, 0.00053
0.00000, 0.00161
0.00000, 0.00125
0.00000, 0.00161
0.00000, 0.00233
0.00000, -0.00055
0.00000, -0.00666
0.00000, 0.00053
0.00000, 0.00089
0.00000, -0.01061
0.00000, -0.00199
0.00000, 0.00269
0.00000, -0.00019
0.00000, -0.00019
0.00000, 0.00125
0.00000, -0.00163
0.00000, -0.00019
0.00000, 0.00053
0.00000, -0.00019
0.00000, 0.00412
0.00000, 0.00017
0.00000, -0.00091
0.00000, 0.00844
0.00000, 0.00197
0.00000, 0.00161
0.00000, 0.00017
0.00000, 0.00700
0.00000, 0.00125
0.00000, 0.00125
0.00000, -0.00055
0.00000, -0.00307
0.00000, -0.00091
0.00000, -0.00055
0.00000, -0.00271
0.00000, 0.00197
0.00000, 0.00161
0.00000, -0.00091
0.00000, -0.00019
0.00000, 0.00089
0.00000, -0.00127
0.00000, -0.00019
0.00000, -0.00055
0.00000, -0.00019
0.00000, -0.00055
0.00000, -0.00163
0.00000, -0.00450
0.00000, 0.00017
0.00000, -0.00091
0.00000, -0.00307
0.00000, 0.00089
0.00000, 0.00987
0.00000, -0.00414
0.00000, 0.00053
0.00000, -0.00486
0.00000, 0.00125
0.00000, -0.00019
0.00000, 0.00125
0.00000, -0.00199
0.00000, 0.00197
0.00000, -0.00055
0.00000, 0.00053
0.00000, 0.00125
0.00000, -0.00450
0.00000, 0.00161
0.00000, -0.00163
0.00000, -0.00343
0.00000, 0.00089
0.00000, 0.00053
0.00000, -0.00271
0.00000, 0.01095
0.00000, 0.00412
0.00000, 0.00197
0.00000, 0.00592
0.00000, -0.00307
0.00000, 0.00125
0.00000, -0.00091
0.00000, 0.00125
0.00000, 0.00269
0.00000, -0.00055
0.00000, 0.00053
0.00000, -0.00163
0.00000, 0.00412
0.00000, 0.00089
0.00000, 0.00125
0.00000, 0.00808
0.00000, -0.00882
0.00000, 0.00304
0.00000, 0.00017
0.00000, -0.00307
0.00000, 0.00017
0.00000, -0.00091
0.00000, 0.00736
0.00000, -0.00163
0.00000, -0.00091
0.00000, 0.00089
0.00000, 0.00269
0.00000, 0.00520
0.00000, -0.00235
0.00000, 0.00880
0.00000, -0.00307
0.00000, 0.00772
0.00000, 0.00017
0.00000, 0.00556
0.00000, 0.00340
0.00000, 0.00269
0.00000, 0.00053
0.00000, -0.00702
0.00000, -0.00091
0.00000, 0.00053
0.00000, -0.00127
0.00000, 0.00340
0.00000, -0.00163
0.00000, 0.00197
0.00000, 0.00197
0.00000, 0.00089
0.00000, -0.00846
0.00000, -0.00127
0.00000, 0.00125
0.00000, 0.00197
0.00000, 0.00125
0.00000, -0.00091
0.00000, -0.00019
0.00000, 0.00053
0.00000, -0.00450
0.00000, 0.00412
0.00000, 0.00089
0.00000, -0.00163
0.00000, -0.00127
0.00000, 0.00053
0.00000, 0.00125
0.00000, 0.00017
0.00000, -0.00307
0.00000, -0.00163
0.00000, 0.00412
0.00000, -0.00091
0.00000, 0.00017
0.00000, -0.00055
0.00000, -0.00163
0.00000, 0.00125
0.00000, 0.00053
0.00000, 0.00125
0.20000, -0.00019
0.20000, 0.00125
0.20000, -0.00019
0.20000, 0.00125
0.20000, 0.00412
0.20000, 0.00412
0.20000, 0.00448
0.20000, 0.00520
0.20000, 0.00987
0.20000, 0.00844
0.20000, 0.01563
0.20000, 0.01778
0.20000, 0.02425
0.20000, 0.02425
0.20000, 0.02713
0.20000, 0.02893
0.20000, 0.02749
0.20000, 0.03432
0.20000, 0.04438
0.20000, 0.04726
0.20000, 0.05013
0.20000, 0.05588
0.20000, 0.06164
0.20000, 0.06164
0.20000, 0.06595
0.20000, 0.07026
0.20000, 0.07206
0.20000, 0.07062
0.20000, 0.08033
0.20000, 0.08176
0.20000, 0.08680
0.20000, 0.09039
0.20000, 0.09471
0.20000, 0.09614
0.20000, 0.10046
0.20000, 0.11340
0.20000, 0.11663
0.20000, 0.11232
0.20000, 0.10836
0.20000, 0.11699
0.20000, 0.11771
0.20000, 0.12490
0.20000, 0.12849
0.20000, 0.12490
0.20000, 0.12742
0.20000, 0.12957
0.20000, 0.13784
0.20000, 0.13532
0.20000, 0.13712
0.20000, 0.14215
0.20000, 0.14215
0.20000, 0.14287
0.20000, 0.14683
0.20000, 0.15042
0.20000, 0.15078
0.20000, 0.15258
0.20000, 0.15294
0.20000, 0.14790
0.20000, 0.16120
0.20000, 0.15941
0.20000, 0.16228
0.20000, 0.16013
0.20000, 0.16444
0.20000, 0.16372
0.20000, 0.16696
0.20000, 0.16803
0.20000, 0.17235
0.20000, 0.16839
0.20000, 0.17235
0.20000, 0.17378
0.20000, 0.17522
0.20000, 0.17558
0.20000, 0.17666
0.20000, 0.17810
0.20000, 0.17882
0.20000, 0.17163
0.20000, 0.17954
0.20000, 0.18241
0.20000, 0.18241
0.20000, 0.18241
0.20000, 0.18385
0.20000, 0.18565
0.20000, 0.18673
0.20000, 0.18529
0.20000, 0.18708
0.20000, 0.18313
0.20000, 0.18601
0.20000, 0.18888
0.20000, 0.19248
0.20000, 0.19032
0.20000, 0.19427
0.20000, 0.19104
0.20000, 0.19104
0.20000, 0.19104
0.20000, 0.18816
0.20000, 0.19391
0.20000, 0.19535
0.20000, 0.19391
0.20000, 0.19463
0.20000, 0.19284
0.20000, 0.19499
0.20000, 0.19463
0.20000, 0.19787
0.20000, 0.19535
0.20000, 0.19535
0.20000, 0.19535
0.20000, 0.19715
0.20000, 0.19607
0.20000, 0.19535
0.20000, 0.19715
0.20000, 0.19571
0.20000, 0.19715
0.20000, 0.19895
0.20000, 0.19895
0.20000, 0.19032
0.20000, 0.19679
0.20000, 0.19751
0.20000, 0.19823
0.20000, 0.19787
0.20000, 0.19895
0.20000, 0.19967
0.20000, 0.20614
0.20000, 0.20002
0.20000, 0.19823
0.20000, 0.19859
0.20000, 0.19967
0.20000, 0.20650
0.20000, 0.19967
0.20000, 0.19320
0.20000, 0.19751
0.20000, 0.19823
0.20000, 0.19967
0.20000, 0.19895
0.20000, 0.19823
0.20000, 0.19679
0.20000, 0.20182
0.20000, 0.19679
0.20000, 0.19967
0.20000, 0.19967
0.20000, 0.20218
0.20000, 0.20038
0.20000, 0.20218
0.20000, 0.19967
0.20000, 0.19391
0.20000, 0.19535
0.20000, 0.18529
0.20000, 0.20002
0.20000, 0.19823
0.20000, 0.19823
0.20000, 0.19967
0.20000, 0.19967
0.20000, 0.19535
0.20000, 0.19967
0.20000, 0.19823
0.20000, 0.20074
0.20000, 0.18529
0.20000, 0.20182
0.20000, 0.19751
0.20000, 0.19751
0.20000, 0.19967
0.20000, 0.20182
0.20000, 0.19967
0.20000, 0.19859
0.20000, 0.19967
0.20000, 0.20002
0.20000, 0.19679
0.20000, 0.20110
0.20000, 0.19967
0.20000, 0.20002
0.20000, 0.19823
0.20000, 0.19823
0.20000, 0.19715
0.20000, 0.20074
0.20000, 0.19679
0.20000, 0.19751
0.20000, 0.19751
0.20000, 0.19823
0.20000, 0.19967
0.20000, 0.19967
0.20000, 0.20254
0.20000, 0.19679
0.20000, 0.19751
0.20000, 0.20146
0.20000, 0.19679
0.20000, 0.19967
0.20000, 0.19967
0.20000, 0.19859
0.20000, 0.19607
0.20000, 0.19859
0.20000, 0.19823
0.20000, 0.20110
0.20000, 0.19895
0.20000, 0.20146
0.20000, 0.20074
0.20000, 0.20002
0.20000, 0.17378
0.20000, 0.19967
0.20000, 0.19391
0.20000, 0.19967
0.20000, 0.19823
0.20000, 0.20002
0.20000, 0.19823
0.20000, 0.19751
0.20000, 0.19284
0.20000, 0.19751
0.20000, 0.19607
0.20000, 0.19607
0.20000, 0.19967
0.20000, 0.19823
0.20000, 0.20074
0.20000, 0.20038
0.20000, 0.19715
0.20000, 0.19859
0.20000, 0.19679
0.20000, 0.20074
0.20000, 0.19895
0.20000, 0.19823
0.20000, 0.19391
0.20000, 0.19823
0.20000, 0.20254
0.20000, 0.19967
0.20000, 0.20254
0.20000, 0.19967
0.20000, 0.19967
0.20000, 0.19679
0.20000, 0.19967
0.20000, 0.19823
0.20000, 0.19967
0.20000, 0.19859
0.20000, 0.20362
0.20000, 0.19859
0.20000, 0.19823
0.20000, 0.19823
0.20000, 0.19967
0.20000, 0.19895
0.20000, 0.20290
0.20000, 0.20002
0.20000, 0.19967
0.20000, 0.19967
0.20000, 0.19823
0.20000, 0.19967
0.20000, 0.19823
0.20000, 0.19391
0.20000, 0.19967
0.20000, 0.19823
0.20000, 0.20002
0.20000, 0.19967
0.20000, 0.19859
0.20000, 0.19967
0.20000, 0.19751
0.20000, 0.20038
0.20000, 0.20038
0.20000, 0.19931
0.20000, 0.19823
0.20000, 0.19895
0.20000, 0.19679
0.20000, 0.19967
0.20000, 0.19859
0.20000, 0.19967
0.20000, 0.21189
0.20000, 0.19967
0.20000, 0.19895
0.20000, 0.20038
0.20000, 0.19967
0.20000, 0.19751
0.20000, 0.20110
0.20000, 0.20038
0.20000, 0.19607
0.20000, 0.19967
0.20000, 0.19823
0.20000, 0.19535
0.20000, 0.19679
0.20000, 0.19823
0.20000, 0.19679
0.20000, 0.19967
0.20000, 0.19895
0.20000, 0.19967
0.20000, 0.20542
0.20000, 0.19715
0.20000, 0.19751
0.20000, 0.19823
0.20000, 0.20074
0.20000, 0.19967
0.20000, 0.19751
0.20000, 0.20074
0.20000, 0.19967
0.20000, 0.19751
0.20000, 0.19895
0.20000, 0.19679
0.20000, 0.20074
0.20000, 0.19679
0.20000, 0.19823
0.20000, 0.19967
0.20000, 0.20254
0.20000, 0.19679
0.20000, 0.20182
0.20000, 0.20182
0.20000, 0.19823
0.20000, 0.19571
0.20000, 0.19571
0.20000, 0.19895
0.20000, 0.19499
0.20000, 0.19967
0.20000, 0.20398
0.20000, 0.19607
0.20000, 0.19679
0.20000, 0.19823
0.20000, 0.21117
0.20000, 0.19679
0.20000, 0.20038
0.20000, 0.19679
0.20000, 0.19823
0.20000, 0.19895
0.20000, 0.19535
0.20000, 0.19823
0.20000, 0.19355
0.20000, 0.19895
0.20000, 0.20038
0.20000, 0.19967
0.20000, 0.19895
0.20000, 0.19967
0.20000, 0.20362
0.20000, 0.19715
0.20000, 0.19967
0.20000, 0.20002
0.20000, 0.19895
0.20000, 0.20146
0.20000, 0.19859
0.20000, 0.19823
0.20000, 0.19967
0.20000, 0.19967
0.20000, 0.21117
0.20000, 0.19931
0.20000, 0.19823
0.20000, 0.19823
0.20000, 0.19463
0.20000, 0.19967
0.20000, 0.20110
0.20000, 0.19823
0.20000, 0.19967
0.20000, 0.20398
0.20000, 0.19823
0.20000, 0.20362
0.20000, 0.19751
0.20000, 0.19895
0.20000, 0.19967
0.20000, 0.19895
0.20000, 0.19967
0.20000, 0.19859
0.20000, 0.19715
0.20000, 0.19823
0.20000, 0.20038
0.20000, 0.19967
0.20000, 0.19967
0.20000, 0.19967
0.20000, 0.19679
0.20000, 0.19643
0.20000, 0.20182
0.20000, 0.19823
0.20000, 0.19391
0.20000, 0.19535
0.20000, 0.20434
0.20000, 0.19751
0.20000, 0.19679
0.20000, 0.20038
0.20000, 0.19571
0.20000, 0.19895
0.20000, 0.19859
0.20000, 0.20002
0.20000, 0.19967
0.20000, 0.19427
0.20000, 0.20038
0.20000, 0.19535
0.20000, 0.19967
0.20000, 0.19967
0.20000, 0.20002
0.20000, 0.19967
0.20000, 0.19967
0.20000, 0.20721
0.20000, 0.19967
0.20000, 0.19679
0.20000, 0.20362
0.20000, 0.19967
0.20000, 0.19895
0.20000, 0.19391
0.20000, 0.19751
0.20000, 0.19535
0.20000, 0.20110
0.20000, 0.19823
0.20000, 0.19967
0.20000, 0.19823
0.20000, 0.19751
0.20000, 0.19679
0.20000, 0.20182
0.20000, 0.19823
0.20000, 0.19859
0.20000, 0.21117
0.20000, 0.20110
0.20000, 0.19967
0.20000, 0.20146
0.20000, 0.19859
0.20000, 0.19751
0.20000, 0.19967
0.20000, 0.20218
0.20000, 0.18385
0.20000, 0.20146
0.20000, 0.20685
0.20000, 0.19823
0.20000, 0.20002
0.20000, 0.19859
0.20000, 0.21692
0.20000, 0.19967
0.20000, 0.19787
0.20000, 0.19967
0.20000, 0.19967
0.20000, 0.19967
0.20000, 0.19823
0.20000, 0.19967
0.20000, 0.20002
0.20000, 0.19967
0.20000, 0.20110
0.20000, 0.19967
0.20000, 0.19607
0.20000, 0.19967
0.20000, 0.20254
0.20000, 0.19967
0.20000, 0.20650
0.20000, 0.19931
0.20000, 0.19391
0.20000, 0.19967
0.20000, 0.19823
0.20000, 0.20973
0.20000, 0.20146
0.20000, 0.19967
0.20000, 0.19751
0.20000, 0.19859
0.20000, 0.19967
0.20000, 0.21189
0.20000, 0.20038
0.20000, 0.19751
0.20000, 0.20002
0.20000, 0.19967
0.20000, 0.20110
0.20000, 0.19715
0.20000, 0.20182
0.20000, 0.22375
0.20000, 0.19967
0.20000, 0.18673
0.20000, 0.19859
0.20000, 0.19715
0.20000, 0.19823
0.20000, 0.19823
0.20000, 0.20110
0.20000, 0.19967
0.20000, 0.19715
0.20000, 0.20002
0.20000, 0.19823
0.20000, 0.19751
0.20000, 0.19967
0.20000, 0.19607
0.20000, 0.19967
0.20000, 0.20110
0.20000, 0.20146
0.20000, 0.19823
0.20000, 0.20110
0.20000, 0.19967
0.20000, 0.19679
0.20000, 0.19679
0.20000, 0.19679
0.20000, 0.19499
0.20000, 0.19823
0.20000, 0.19967
0.20000, 0.20038
0.20000, 0.19967
0.20000, 0.19823
0.20000, 0.20110
0.20000, 0.19967
0.20000, 0.19787
0.20000, 0.19967
0.20000, 0.20182
0.20000, 0.19391
0.20000, 0.21225
0.20000, 0.19859
0.20000, 0.20398
0.20000, 0.19679
0.20000, 0.19967
0.20000, 0.19895
0.20000, 0.19823
0.20000, 0.20038
0.20000, 0.19967
0.20000, 0.19967
0.20000, 0.19823
0.20000, 0.19967
0.20000, 0.20038
0.20000, 0.19751
0.20000, 0.19895
0.20000, 0.20038
0.20000, 0.19895
0.20000, 0.20074
0.20000, 0.19823
0.20000, 0.19967
0.20000, 0.19967
0.20000, 0.20002
0.20000, 0.19751
0.20000, 0.20002
0.20000, 0.19751
0.00000, 0.20290
0.00000, 0.19859
0.00000, 0.20002
0.00000, 0.20038
0.00000, 0.19607
0.00000, 0.20110
0.00000, 0.19391
0.00000, 0.19391
0.00000, 0.19248
0.00000, 0.18744
0.00000, 0.18385
0.00000, 0.18493
0.00000, 0.17666
0.00000, 0.17163
0.00000, 0.17702
0.00000, 0.16839
0.00000, 0.16516
0.00000, 0.15294
0.00000, 0.15222
0.00000, 0.15222
0.00000, 0.14862
0.00000, 0.14503
0.00000, 0.13928
0.00000, 0.13640
0.00000, 0.13676
0.00000, 0.12921
0.00000, 0.12598
0.00000, 0.12130
0.00000, 0.11915
0.00000, 0.07745
0.00000, 0.11052
0.00000, 0.10693
0.00000, 0.13964
0.00000, 0.10477
0.00000, 0.10369
0.00000, 0.09686
0.00000, 0.09614
0.00000, 0.08823
0.00000, 0.08895
0.00000, 0.08176
0.00000, 0.08033
0.00000, 0.11052
0.00000, 0.06990
0.00000, 0.06954
0.00000, 0.06990
0.00000, 0.06487
0.00000, 0.06271
0.00000, 0.06235
0.00000, 0.06667
0.00000, 0.05876
0.00000, 0.05588
0.00000, 0.05445
0.00000, 0.05013
0.00000, 0.04798
0.00000, 0.04762
0.00000, 0.05121
0.00000, 0.04438
0.00000, 0.04187
0.00000, 0.03791
0.00000, 0.04582
0.00000, 0.03719
0.00000, 0.04294
0.00000, 0.03288
0.00000, 0.03036
0.00000, 0.03036
0.00000, 0.03144
0.00000, 0.02533
0.00000, 0.02533
0.00000, 0.03540
0.00000, 0.02893
0.00000, 0.02461
0.00000, 0.02641
0.00000, 0.02281
0.00000, 0.02174
0.00000, 0.01778
0.00000, 0.01958
0.00000, 0.02569
0.00000, 0.01814
0.00000, 0.02138
0.00000, 0.01598
0.00000, 0.01563
0.00000, 0.03504
0.00000, 0.01419
0.00000, 0.02353
0.00000, 0.01275
0.00000, 0.01167
0.00000, 0.01023
0.00000, 0.01095
0.00000, 0.01239
0.00000, 0.00987
0.00000, 0.01419
0.00000, 0.00987
0.00000, 0.00808
0.00000, 0.00808
0.00000, 0.01239
0.00000, 0.00340
0.00000, 0.00628
0.00000, 0.00880
0.00000, 0.00269
0.00000, 0.00412
0.00000, 0.00700
0.00000, 0.00161
0.00000, -0.02284
0.00000, 0.03575
0.00000, 0.00628
0.00000, 0.00269
0.00000, 0.00808
0.00000, 0.00233
0.00000, 0.00125
0.00000, 0.00197
0.00000, 0.00125
0.00000, 0.00376
0.00000, 0.00233
0.00000, 0.00197
0.00000, 0.00233
0.00000, 0.00053
0.00000, 0.01886
0.00000, 0.00197
0.00000, 0.00340
0.00000, -0.00163
0.00000, -0.00163
0.00000, 0.00844
0.00000, -0.00163
0.00000, -0.00055
0.00000, -0.00486
0.00000, -0.00055
0.00000, 0.00664
0.00000, 0.00592
0.00000, 0.00017
0.00000, -0.00450
0.00000, 0.00520
0.00000, -0.00019
0.00000, 0.00017
0.00000, -0.00163
0.00000, -0.01026
0.00000, -0.00127
0.00000, -0.01421
0.00000, -0.00055
0.00000, 0.02928
0.00000, -0.00091
0.00000, 0.00125
0.00000, -0.00019
0.00000, 0.00053
0.00000, -0.00163
0.00000, 0.00125
0.00000, -0.00163
0.00000, 0.00053
0.00000, 0.00053
0.00000, -0.00055
0.00000, 0.00233
0.00000, 0.00412
0.00000, -0.00450
0.00000, 0.00951
0.00000, 0.00125
0.00000, 0.00412
0.00000, 0.00376
0.00000, 0.01275
0.00000, -0.00019
0.00000, -0.00091
0.00000, 0.00412
0.00000, 0.00125
0.00000, 0.00304
0.00000, 0.00556
0.00000, 0.00089
0.00000, 0.00053
0.00000, 0.00592
0.00000, -0.00163
0.00000, 0.01275
0.00000, -0.00019
0.00000, 0.00053
0.00000, -0.00738
0.00000, 0.00017
0.00000, -0.02248
0.00000, -0.00055
0.00000, -0.00163
0.00000, -0.00019
0.00000, -0.00163
0.00000, 0.00376
0.00000, 0.00304
0.00000, -0.00163
0.00000, 0.00197
0.00000, 0.00125
0.00000, -0.00019
0.00000, 0.00053
0.00000, 0.00053
0.00000, -0.00019
0.00000, 0.00484
0.00000, 0.00089
0.00000, 0.00017
0.00000, -0.00019
0.00000, -0.00307
0.00000, -0.00019
0.00000, 0.00017
0.00000, -0.00163
0.00000, -0.00019
0.00000, 0.00233
0.00000, -0.00163
0.00000, -0.00450
0.00000, -0.00127
0.00000, -0.00918
0.00000, -0.00091
0.00000, -0.00630
0.00000, 0.00233
0.00000, -0.00019
0.00000, -0.00558
0.00000, 0.00053
0.00000, 0.00412
0.00000, 0.00269
0.00000, 0.00017
0.00000, -0.00594
0.00000, 0.00628
0.00000, 0.00951
0.00000, 0.00987
0.00000, -0.00702
0.00000, 0.00269
0.00000, -0.00379
0.00000, -0.00091
0.00000, -0.01241
0.00000, 0.00125
0.00000, 0.00089
0.00000, 0.00053
0.00000, 0.00053
0.00000, 0.00089
0.00000, 0.00053
0.00000, 0.00340
0.00000, 0.00233
0.00000, -0.00055
0.00000, 0.00412
0.00000, 0.00340
0.00000, 0.00017
0.00000, 0.02857
0.00000, 0.00592
0.00000, -0.00163
0.00000, 0.00592
0.00000, 0.00053
0.00000, 0.00700
0.00000, -0.00091
0.00000, -0.00019
0.00000, -0.00163
0.00000, -0.00019
0.00000, -0.00091
0.00000, -0.00163
0.00000, 0.00053
0.00000, -0.00343
0.00000, -0.00019
0.00000, 0.00125
0.00000, 0.00197
0.00000, 0.00053
0.00000, 0.00269
0.00000, -0.00019
0.00000, 0.00197
0.00000, -0.00163
0.00000, -0.00163
0.00000, -0.00019
0.00000, -0.00019
0.00000, -0.00091
0.00000, -0.00450
0.00000, 0.00412
0.00000, 0.00161
0.00000, 0.00772
0.00000, -0.00846
0.00000, -0.00019
0.00000, 0.00125
0.00000, 0.00161
0.00000, 0.00484
0.00000, 0.00053
0.00000, -0.00738
0.00000, -0.00486
0.00000, -0.00091
0.00000, 0.00161
0.00000, -0.00127
0.00000, 0.00125
0.00000, -0.00019
0.00000, 0.02928
0.00000, 0.00233
0.00000, -0.00127
0.00000, -0.00091
0.00000, 0.00089
0.00000, 0.00125
0.00000, 0.00664
0.00000, -0.00019
0.00000, -0.00450
0.00000, 0.00017
0.00000, 0.00233
0.00000, -0.00450
0.00000, -0.00163
0.00000, -0.00055
0.00000, 0.00556
0.00000, 0.00520
0.00000, 0.00125
0.00000, -0.01026
0.00000, -0.00163
0.00000, -0.00127
0.00000, -0.00163
0.00000, -0.00019
0.00000, -0.00990
0.00000, -0.00019
0.00000, -0.00954
0.00000, 0.00089
0.00000, 0.00304
0.00000, -0.00127
0.00000, -0.00019
0.00000, -0.00163
0.00000, 0.00053
0.00000, -0.00091
0.00000, -0.00019
0.00000, 0.00125
0.00000, 0.00484
0.00000, 0.00161
0.00000, 0.00125
0.00000, -0.00163
0.00000, 0.00269
0.00000, 0.00844
0.00000, 0.00304
0.00000, 0.00304
0.00000, 0.00017
0.00000, -0.00702
0.00000, 0.00053
0.00000, 0.00520
0.00000, 0.00017
0.00000, 0.00017
0.00000, -0.00163
0.00000, 0.00448
0.00000, 0.00017
0.00000, 0.00125
0.00000, -0.01385
0.00000, -0.00091
0.00000, -0.00091
0.00000, 0.00089
0.00000, -0.00055
0.00000, 0.00197
0.00000, 0.00053
0.00000, 0.00017
0.00000, 0.00125
0.00000, 0.00233
0.00000, 0.00089
0.00000, 0.00700
0.00000, -0.00019
0.00000, 0.00125
0.00000, 0.00125
0.00000, 0.00304
0.00000, -0.00450
0.00000, -0.00091
0.00000, 0.00017
0.00000, -0.00019
0.00000, -0.00091
0.00000, 0.00161
0.00000, -0.00127
0.00000, -0.00019
0.00000, 0.00556
0.00000, 0.00340
0.00000, -0.00019
0.00000, 0.00484
0.00000, 0.00125
0.00000, 0.00017
0.00000, -0.01169
0.00000, -0.00163
0.00000, 0.00017
0.00000, -0.00163
0.00000, -0.00091
0.00000, -0.00379
0.00000, 0.00412
0.00000, -0.00163
0.00000, 0.00376
0.00000, -0.00127
0.00000, -0.00163
0.00000, -0.00307
0.00000, -0.00738
0.00000, -0.00127
0.00000, 0.00053
0.00000, -0.00163
0.00000, -0.00343
0.00000, -0.00055
0.00000, -0.00091
0.00000, 0.00089
0.00000, 0.00089
0.00000, 0.00053
0.00000, -0.00091
0.00000, -0.00019
0.00000, 0.00125
0.00000, -0.00558
0.00000, -0.00091
0.00000, -0.00163
0.00000, 0.00484
0.00000, 0.00269
0.00000, -0.00127
0.00000, 0.00017
0.00000, 0.00412
0.00000, 0.00197
0.00000, -0.02391
0.00000, 0.00233
0.00000, 0.00161
0.00000, -0.00055
0.00000, 0.00125
0.00000, 0.01347
0.00000, -0.00199
0.00000, -0.00450
0.00000, -0.00019
0.00000, -0.00307
0.00000, 0.00269
0.00000, 0.00125
0.00000, 0.00412
0.00000, -0.00091
0.00000, -0.00450
0.00000, -0.00163
0.00000, 0.00197
0.00000, -0.00307
0.00000, 0.00700
0.00000, 0.00053
0.00000, -0.00450
0.00000, -0.00379
0.00000, 0.00556
0.00000, 0.00197
0.00000, 0.00125
0.00000, -0.00163
0.00000, -0.00163
0.00000, -0.00235
0.00000, 0.00125
0.00000, 0.00592
0.00000, 0.00412
0.00000, 0.00017
0.00000, 0.00053
0.00000, -0.00055
0.00000, 0.00233
0.00000, -0.00019
0.00000, 0.00053
0.00000, 0.00628
0.00000, 0.00197
0.00000, -0.00019
0.00000, -0.00163
0.00000, -0.00127
0.00000, -0.00163
0.00000, -0.00163
0.00000, 0.00053
0.00000, -0.01061
0.00000, 0.00340
0.00000, 0.00520
0.00000, -0.00271
0.00000, -0.00199
0.00000, -0.00019
0.00000, 0.00161
0.00000, 0.00161
0.00000, -0.00091
0.00000, 0.00197
0.00000, -0.00019
0.00000, 0.01275
0.00000, 0.00017
0.00000, -0.00019
0.00000, 0.00304
0.00000, -0.00163
0.00000, -0.00019
0.00000, -0.00055
0.00000, 0.00125
0.00000, 0.00269
0.00000, 0.00412
0.00000, -0.00343
0.00000, -0.00163
0.00000, 0.00017
0.00000, -0.00163
0.00000, 0.01706
0.00000, 0.01023
0.00000, 0.00340
0.00000, 0.00269
0.00000, 0.00017
0.00000, -0.00019
0.00000, 0.00197
0.00000, 0.00304
0.00000, 0.00053
0.00000, -0.00163
0.00000, 0.00125
0.00000, 0.00628
0.00000, -0.00486
0.00000, -0.00091
0.00000, -0.01205
0.00000, 0.00125
0.00000, -0.00163
0.00000, 0.00017
0.00000, -0.00055
0.00000, 0.00269
0.00000, -0.00163
0.00000, -0.00343
0.00000, 0.00017
0.00000, 0.00125
0.00000, 0.00053
0.00000, 0.00987
0.00000, -0.00055
0.00000, 0.00053
0.00000, 0.00484
0.00000, -0.01385
0.00000, -0.00127
0.00000, 0.00700
0.00000, -0.00055
0.00000, -0.00163
0.00000, -0.00307
0.00000, 0.00197
0.00000, -0.00379
0.00000, 0.00125
0.00000, 0.00125
0.00000, 0.00233
0.00000, -0.00127
0.00000, 0.00125
0.00000, -0.00271
0.00000, 0.00412
0.00000, -0.00379
0.00000, -0.00235
0.00000, -0.00019
0.00000, 0.00125
0.00000, 0.00089
0.00000, 0.00125
0.00000, 0.00017
0.00000, 0.00089
0.00000, -0.00091
0.00000, 0.00053
0.00000, 0.00125
0.00000, -0.00019
0.00000, 0.00161
0.20000, 0.00017
0.20000, 0.00053
0.20000, 0.00412
0.20000, 0.00125
0.20000, 0.00197
0.20000, 0.00269
0.20000, -0.00019
0.20000, 0.00736
0.20000, 0.00125
0.20000, 0.01419
0.20000, 0.02138
0.20000, 0.01994
0.20000, 0.02138
0.20000, 0.02641
0.20000, 0.02964
0.20000, 0.03360
0.20000, 0.03719
0.20000, 0.04187
0.20000, 0.04870
0.20000, 0.05301
0.20000, 0.05013
0.20000, 0.06020
0.20000, 0.06020
0.20000, 0.06415
0.20000, 0.06559
0.20000, 0.07062
0.20000, 0.07494
0.20000, 0.08105
0.20000, 0.08033
0.20000, 0.08464
0.20000, 0.09111
0.20000, 0.09111
0.20000, 0.08716
0.20000, 0.10405
0.20000, 0.10261
0.20000, 0.10944
0.20000, 0.10693
0.20000, 0.11483
0.20000, 0.11519
0.20000, 0.12095
0.20000, 0.12202
0.20000, 0.12166
0.20000, 0.12490
0.20000, 0.13137
0.20000, 0.13496
0.20000, 0.12598
0.20000, 0.13209
0.20000, 0.13712
0.20000, 0.12490
0.20000, 0.14072
0.20000, 0.13964
0.20000, 0.15509
0.20000, 0.14862
0.20000, 0.14970
0.20000, 0.15222
0.20000, 0.15653
0.20000, 0.15437
0.20000, 0.15545
0.20000, 0.15509
0.20000, 0.15905
0.20000, 0.16013
0.20000, 0.16120
0.20000, 0.16552
0.20000, 0.16516
0.20000, 0.16552
0.20000, 0.17235
0.20000, 0.16947
0.20000, 0.16947
0.20000, 0.17450
0.20000, 0.17378
0.20000, 0.17666
0.20000, 0.17558
0.20000, 0.17666
0.20000, 0.17522
0.20000, 0.17738
0.20000, 0.18169
0.20000, 0.18025
0.20000, 0.18277
0.20000, 0.18277
0.20000, 0.18457
0.20000, 0.18385
0.20000, 0.18277
0.20000, 0.18313
0.20000, 0.18816
0.20000, 0.18960
0.20000, 0.18780
0.20000, 0.19032
0.20000, 0.18852
0.20000, 0.16803
0.20000, 0.18888
0.20000, 0.19104
0.20000, 0.19391
0.20000, 0.19355
0.20000, 0.19248
0.20000, 0.19355
0.20000, 0.19463
0.20000, 0.19535
0.20000, 0.19463
0.20000, 0.19427
0.20000, 0.19787
0.20000, 0.19751
0.20000, 0.19068
0.20000, 0.19571
0.20000, 0.19643
0.20000, 0.19643
0.20000, 0.19679
0.20000, 0.19679
0.20000, 0.19679
0.20000, 0.19535
0.20000, 0.19607
0.20000, 0.19032
0.20000, 0.19679
0.20000, 0.19140
0.20000, 0.20182
0.20000, 0.19823
0.20000, 0.19463
0.20000, 0.19895
0.20000, 0.19571
0.20000, 0.19823
0.20000, 0.19607
0.20000, 0.19967
0.20000, 0.20757
0.20000, 0.19607
0.20000, 0.20002
0.20000, 0.19895
0.20000, 0.20685
0.20000, 0.20614
0.20000, 0.19823
0.20000, 0.19823
0.20000, 0.19823
0.20000, 0.19895
0.20000, 0.19823
0.20000, 0.19823
0.20000, 0.19679
0.20000, 0.19967
0.20000, 0.19967
0.20000, 0.19607
0.20000, 0.19715
0.20000, 0.19967
0.20000, 0.19751
0.20000, 0.19248
0.20000, 0.19715
0.20000, 0.19895
0.20000, 0.19823
0.20000, 0.19823
0.20000, 0.19967
0.20000, 0.19391
0.20000, 0.19751
0.20000, 0.20182
0.20000, 0.19895
0.20000, 0.19895
0.20000, 0.20290
0.20000, 0.19823
0.20000, 0.21045
0.20000, 0.19967
0.20000, 0.19895
0.20000, 0.19967
0.20000, 0.19679
0.20000, 0.19895
0.20000, 0.19679
0.20000, 0.19679
0.20000, 0.19427
0.20000, 0.19967
0.20000, 0.19715
0.20000, 0.19535
0.20000, 0.19751
0.20000, 0.19859
0.20000, 0.19967
0.20000, 0.20578
0.20000, 0.21908
0.20000, 0.19859
0.20000, 0.19823
0.20000, 0.19895
0.20000, 0.19823
0.20000, 0.19715
0.20000, 0.19823
0.20000, 0.19967
0.20000, 0.19104
0.20000, 0.19895
0.20000, 0.20110
0.20000, 0.19823
0.20000, 0.19679
0.20000, 0.19967
0.20000, 0.19859
0.20000, 0.19967
0.20000, 0.19823
0.20000, 0.20254
0.20000, 0.19967
0.20000, 0.20146
0.20000, 0.19859
0.20000, 0.19823
0.20000, 0.19679
0.20000, 0.19967
0.20000, 0.19967
0.20000, 0.19895
0.20000, 0.19967
0.20000, 0.19823
0.20000, 0.19787
0.20000, 0.19715
0.20000, 0.19535
0.20000, 0.20038
0.20000, 0.18277
0.20000, 0.19823
0.20000, 0.20218
0.20000, 0.20362
0.20000, 0.20038
0.20000, 0.19859
0.20000, 0.19823
0.20000, 0.19823
0.20000, 0.19823
0.20000, 0.19679
0.20000, 0.19859
0.20000, 0.19823
0.20000, 0.19967
0.20000, 0.19967
0.20000, 0.19895
0.20000, 0.19823
0.20000, 0.18241
0.20000, 0.19823
0.20000, 0.19967
0.20000, 0.19967
0.20000, 0.19859
0.20000, 0.19967
0.20000, 0.19751
0.20000, 0.19787
0.20000, 0.22914
0.20000, 0.19823
0.20000, 0.19895
0.20000, 0.19859
0.20000, 0.19427
0.20000, 0.20326
0.20000, 0.19823
0.20000, 0.19967
0.20000, 0.18421
0.20000, 0.20038
0.20000, 0.19823
0.20000, 0.19859
0.20000, 0.19535
0.20000, 0.19823
0.20000, 0.19679
0.20000, 0.19679
0.20000, 0.19176
0.20000, 0.19967
0.20000, 0.19895
0.20000, 0.19823
0.20000, 0.19679
0.20000, 0.19895
0.20000, 0.19895
0.20000, 0.19679
0.20000, 0.20542
0.20000, 0.20110
0.20000, 0.19895
0.20000, 0.19751
0.20000, 0.19391
0.20000, 0.19823
0.20000, 0.19859
0.20000, 0.19967
0.20000, 0.20146
0.20000, 0.20002
0.20000, 0.19967
0.20000, 0.19823
0.20000, 0.19535
0.20000, 0.20110
0.20000, 0.19859
0.20000, 0.20002
0.20000, 0.20038
0.20000, 0.19967
0.20000, 0.20398
0.20000, 0.19967
0.20000, 0.19967
0.20000, 0.19967
0.20000, 0.19967
0.20000, 0.19679
0.20000, 0.20973
0.20000, 0.19823
0.20000, 0.19679
0.20000, 0.19823
0.20000, 0.19967
0.20000, 0.20146
0.20000, 0.19967
0.20000, 0.19607
0.20000, 0.20865
0.20000, 0.19967
0.20000, 0.19895
0.20000, 0.19463
0.20000, 0.19967
0.20000, 0.19967
0.20000, 0.19535
0.20000, 0.19967
0.20000, 0.21009
0.20000, 0.19571
0.20000, 0.20721
0.20000, 0.19571
0.20000, 0.19859
0.20000, 0.19895
0.20000, 0.19751
0.20000, 0.19751
0.20000, 0.20002
0.20000, 0.19967
0.20000, 0.20146
0.20000, 0.21404
0.20000, 0.20326
0.20000, 0.20110
0.20000, 0.19751
0.20000, 0.19176
0.20000, 0.19823
0.20000, 0.20002
0.20000, 0.20002
0.20000, 0.20290
0.20000, 0.19823
0.20000, 0.19787
0.20000, 0.19391
0.20000, 0.19751
0.20000, 0.19823
0.20000, 0.20002
0.20000, 0.20614
0.20000, 0.19967
0.20000, 0.19751
0.20000, 0.19140
0.20000, 0.19679
0.20000, 0.19787
0.20000, 0.19248
0.20000, 0.21512
0.20000, 0.19032
0.20000, 0.20110
0.20000, 0.20182
0.20000, 0.19967
0.20000, 0.19967
0.20000, 0.19679
0.20000, 0.19787
0.20000, 0.19571
0.20000, 0.19859
0.20000, 0.19967
0.20000, 0.19895
0.20000, 0.19895
0.20000, 0.19715
0.20000, 0.19823
0.20000, 0.20182
0.20000, 0.20002
0.20000, 0.19967
0.20000, 0.20829
0.20000, 0.19643
0.20000, 0.19895
0.20000, 0.19859
0.20000, 0.19967
0.20000, 0.20110
0.20000, 0.19967
0.20000, 0.19823
0.20000, 0.21440
0.20000, 0.20398
0.20000, 0.19427
0.20000, 0.20362
0.20000, 0.20901
0.20000, 0.19751
0.20000, 0.19859
0.20000, 0.19823
0.20000, 0.19823
0.20000, 0.19248
0.20000, 0.19859
0.20000, 0.19967
0.20000, 0.19967
0.20000, 0.19859
0.20000, 0.19679
0.20000, 0.20326
0.20000, 0.19823
0.20000, 0.20146
0.20000, 0.20326
0.20000, 0.19823
0.20000, 0.19607
0.20000, 0.19895
0.20000, 0.20362
0.20000, 0.20110
0.20000, 0.20542
0.20000, 0.20074
0.20000, 0.19895
0.20000, 0.19967
0.20000, 0.19535
0.20000, 0.20218
0.20000, 0.19859
0.20000, 0.19823
0.20000, 0.19967
0.20000, 0.20362
0.20000, 0.20038
0.20000, 0.20470
0.20000, 0.19895
0.20000, 0.19967
0.20000, 0.19679
0.20000, 0.19967
0.20000, 0.19967
0.20000, 0.19895
0.20000, 0.19967
0.20000, 0.19895
0.20000, 0.20110
0.20000, 0.19823
0.20000, 0.19823
0.20000, 0.21944
0.20000, 0.20398
0.20000, 0.19967
0.20000, 0.19967
0.20000, 0.19895
0.20000, 0.19967
0.20000, 0.19535
0.20000, 0.19967
0.20000, 0.18241
0.20000, 0.19751
0.20000, 0.19967
0.20000, 0.19895
0.20000, 0.19967
0.20000, 0.19823
0.20000, 0.19967
0.20000, 0.19967
0.20000, 0.20002
0.20000, 0.19967
0.20000, 0.19751
0.20000, 0.19967
0.20000, 0.19895
0.20000, 0.19967
0.20000, 0.19859
0.20000, 0.19967
0.20000, 0.17558
0.20000, 0.20182
0.20000, 0.19967
0.20000, 0.19967
0.20000, 0.19895
0.20000, 0.19967
0.20000, 0.20110
0.20000, 0.19751
0.20000, 0.19787
0.20000, 0.20074
0.20000, 0.19679
0.20000, 0.19823
0.20000, 0.19823
0.20000, 0.19679
0.20000, 0.20578
0.20000, 0.19895
0.20000, 0.20290
0.20000, 0.20002
0.20000, 0.19967
0.20000, 0.19571
0.20000, 0.19823
0.20000, 0.20290
0.20000, 0.19823
0.20000, 0.19967
0.20000, 0.19823
0.20000, 0.19715
0.20000, 0.19859
0.20000, 0.19679
0.20000, 0.20146
0.20000, 0.20002
0.20000, 0.20074
0.20000, 0.19679
0.20000, 0.19679
0.20000, 0.19823
0.20000, 0.19967
0.20000, 0.19895
0.20000, 0.19823
0.20000, 0.19895
0.20000, 0.19967
0.20000, 0.19859
0.20000, 0.19607
0.20000, 0.20002
0.20000, 0.20146
0.20000, 0.19751
0.20000, 0.19823
0.20000, 0.19787
0.20000, 0.19967
0.20000, 0.19679
0.20000, 0.19535
0.20000, 0.19823
0.20000, 0.19967
0.20000, 0.19967
0.20000, 0.20542
0.20000, 0.20038
0.20000, 0.19967
0.20000, 0.20146
0.20000, 0.19823
0.20000, 0.19967
0.20000, 0.19823
0.20000, 0.20254
0.20000, 0.19967
0.20000, 0.19967
0.20000, 0.19967
0.20000, 0.20542
0.20000, 0.22627
0.20000, 0.19967
0.20000, 0.19823
0.20000, 0.19535
0.20000, 0.19823
0.20000, 0.19823
0.20000, 0.19715
0.20000, 0.19823
0.20000, 0.21081
0.20000, 0.19715
0.20000, 0.20002
0.20000, 0.20110
0.20000, 0.20182
0.20000, 0.20146
0.20000, 0.19823
0.20000, 0.19967
0.20000, 0.20398
0.20000, 0.19499
0.20000, 0.19643
0.20000, 0.20002
0.20000, 0.19751
0.20000, 0.19967
0.00000, 0.19967
0.00000, 0.19535
0.00000, 0.20002
0.00000, 0.20002
0.00000, 0.19823
0.00000, 0.19140
0.00000, 0.19212
0.00000, 0.19391
0.00000, 0.19391
0.00000, 0.16588
0.00000, 0.18529
0.00000, 0.18097
0.00000, 0.17738
0.00000, 0.17450
0.00000, 0.16660
0.00000, 0.16588
0.00000, 0.16372
0.00000, 0.15941
0.00000, 0.15366
0.00000, 0.15150
0.00000, 0.14934
0.00000, 0.14143
0.00000, 0.13964
0.00000, 0.13856
0.00000, 0.13424
0.00000, 0.13065
0.00000, 0.12274
0.00000, 0.12095
0.00000, 0.12202
0.00000, 0.11412
0.00000, 0.11196
0.00000, 0.12634
0.00000, 0.10405
0.00000, 0.10872
0.00000, 0.09686
0.00000, 0.09794
0.00000, 0.09111
0.00000, 0.09183
0.00000, 0.08284
0.00000, 0.08176
0.00000, 0.07745
0.00000, 0.07637
0.00000, 0.07314
0.00000, 0.06882
0.00000, 0.06595
