00127
12720, -25, 500, 8
12721, -25, 500, 0.20000, 0.55804
12722, -25, 500, 0.20000, 0.55229
12723, -25, 500, 0.20000, 0.53935
12724, -25, 500, 0.20000, 0.52677
12725, -25, 500, 0.20000, 0.50448
12726, -25, 500, 0.20000, 0.48363
12727, -25, 500, 0.20000, 0.46350
12728, -25, 500, 0.20000, 0.43655
12729, -25, 500, 0.20000, 0.41354
12730, -25, 500, 0.20000, 0.38874
12731, -25, 500, 0.20000, 0.36717
12732, -25, 500, 0.20000, 0.34381
12733, -25, 500, 0.20000, 0.31972
12734, -25, 500, 0.20000, 0.29564
12735, -25, 500, 0.20000, 0.27299
12736, -25, 500, 0.20000, 0.24891
12737, -25, 500, 0.20000, 0.22806
12738, -25, 500, 0.20000, 0.21117
12739, -25, 500, 0.20000, 0.19391
12740, -25, 500, 0.20000, 0.18277
12741, -25, 500, 0.20000, 0.17271
12742, -25, 500, 0.20000, 0.16839
12743, -25, 500, 0.20000, 0.16013
12744, -25, 500, 0.20000, 0.16013
12745, -25, 500, 0.20000, 0.16013
12746, -25, 500, 0.20000, 0.15977
12747, -25, 500, 0.20000, 0.16264
12748, -25, 500, 0.20000, 0.16696
12749, -25, 500, 0.20000, 0.16947
12750, -25, 500, 0.20000, 0.17199
12751, -25, 500, 0.20000, 0.17702
12752, -25, 500, 0.20000, 0.18277
12753, -25, 500, 0.20000, 0.18708
12754, -25, 500, 0.20000, 0.19427
12755, -25, 500, 0.20000, 0.19607
12756, -25, 500, 0.20000, 0.19751
12757, -25, 500, 0.20000, 0.19931
12758, -25, 500, 0.20000, 0.19859
12759, -25, 500, 0.20000, 0.20254
12760, -25, 500, 0.20000, 0.20290
12761, -25, 500, 0.20000, 0.20074
12762, -25, 500, 0.20000, 0.20542
12763, -25, 500, 0.20000, 0.20614
12764, -25, 500, 0.20000, 0.20470
12765, -25, 500, 0.20000, 0.20326
12766, -25, 500, 0.20000, 0.20829
12767, -25, 500, 0.20000, 0.20506
12768, -25, 500, 0.20000, 0.20542
12769, -25, 500, 0.20000, 0.20506
12770, -25, 500, 0.20000, 0.20362
12771, -25, 500, 0.20000, 0.20290
12772, -25, 500, 0.20000, 0.20326
12773, -25, 500, 0.20000, 0.20110
12774, -25, 500, 0.20000, 0.20002
12775, -25, 500, 0.20000, 0.20326
12776, -25, 500, 0.20000, 0.20182
12777, -25, 500, 0.20000, 0.20146
12778, -25, 500, 0.20000, 0.19895
12779, -25, 500, 0.20000, 0.19859
12780, -25, 500, 0.20000, 0.19859
12781, -25, 500, 0.20000, 0.19895
12782, -25, 500, 0.20000, 0.19823
12783, -25, 500, 0.20000, 0.19895
12784, -25, 500, 0.20000, 0.19787
12785, -25, 500, 0.20000, 0.19499
12786, -25, 500, 0.20000, 0.19104
12787, -25, 500, 0.20000, 0.19751
12788, -25, 500, 0.20000, 0.19931
12789, -25, 500, 0.20000, 0.20002
12790, -25, 500, 0.20000, 0.20002
12791, -25, 500, 0.20000, 0.20002
12792, -25, 500, 0.20000, 0.20110
12793, -25, 500, 0.20000, 0.19967
12794, -25, 500, 0.20000, 0.19679
12795, -25, 500, 0.20000, 0.19895
12796, -25, 500, 0.20000, 0.19931
12797, -25, 500, 0.20000, 0.20002
12798, -25, 500, 0.20000, 0.20038
12799, -25, 500, 0.20000, 0.20038
12800, -25, 500, 0.20000, 0.19967
12801, -25, 500, 0.20000, 0.20002
12802, -25, 500, 0.20000, 0.20110
12803, -25, 500, 0.20000, 0.20290
12804, -25, 500, 0.20000, 0.19967
12805, -25, 500, 0.20000, 0.20002
12806, -25, 500, 0.20000, 0.20146
12807, -25, 500, 0.20000, 0.20110
12808, -25, 500, 0.20000, 0.20002
12809, -25, 500, 0.20000, 0.20074
12810, -25, 500, 0.20000, 0.20542
12811, -25, 500, 0.20000, 0.20038
12812, -25, 500, 0.20000, 0.20002
12813, -25, 500, 0.20000, 0.20290
12814, -25, 500, 0.20000, 0.19967
12815, -25, 500, 0.20000, 0.19895
12816, -25, 500, 0.20000, 0.19931
12817, -25, 500, 0.20000, 0.19967
12818, -25, 500, 0.20000, 0.19931
12819, -25, 500, 0.20000, 0.19967
12820, -25, 500, 0.20000, 0.19931
12821, -25, 500, 0.20000, 0.19895
12822, -25, 500, 0.20000, 0.19931
12823, -25, 500, 0.20000, 0.20002
12824, -25, 500, 0.20000, 0.20002
12825, -25, 500, 0.20000, 0.19931
12826, -25, 500, 0.20000, 0.19895
12827, -25, 500, 0.20000, 0.20002
12828, -25, 500, 0.20000, 0.19931
12829, -25, 500, 0.20000, 0.20146
12830, -25, 500, 0.20000, 0.20038
12831, -25, 500, 0.20000, 0.19895
12832, -25, 500, 0.20000, 0.20002
12833, -25, 500, 0.20000, 0.20038
12834, -25, 500, 0.20000, 0.19931
12835, -25, 500, 0.20000, 0.19967
12836, -25, 500, 0.20000, 0.19931
12837, -25, 500, 0.20000, 0.20146
12838, -25, 500, 0.20000, 0.20002
12839, -25, 500, 0.20000, 0.20110
12840, -25, 500, 0.20000, 0.20002
12841, -25, 500, 0.20000, 0.20038
12842, -25, 500, 0.20000, 0.20038
12843, -25, 500, 0.20000, 0.19679
12844, -25, 500, 0.20000, 0.19895
12845, -25, 500, 0.20000, 0.19967
12846, -25, 500, 0.20000, 0.19931
12847, -25, 500, 0.20000, 0.19967
12848, -25, 500, 0.20000, 0.19787
12849, -25, 500, 0.20000, 0.19859
12850, -25, 500, 0.20000, 0.19859
12851, -25, 500, 0.20000, 0.20182
12852, -25, 500, 0.20000, 0.19931
12853, -25, 500, 0.20000, 0.19895
12854, -25, 500, 0.20000, 0.19931
12855, -25, 500, 0.20000, 0.20038
12856, -25, 500, 0.20000, 0.19967
12857, -25, 500, 0.20000, 0.19859
12858, -25, 500, 0.20000, 0.19895
12859, -25, 500, 0.20000, 0.20038
12860, -25, 500, 0.20000, 0.19967
12861, -25, 500, 0.20000, 0.19859
12862, -25, 500, 0.20000, 0.19967
12863, -25, 500, 0.20000, 0.19967
12864, -25, 500, 0.20000, 0.19967
12865, -25, 500, 0.20000, 0.20002
12866, -25, 500, 0.20000, 0.20398
12867, -25, 500, 0.20000, 0.19895
12868, -25, 500, 0.20000, 0.20218
12869, -25, 500, 0.20000, 0.19931
12870, -25, 500, 0.20000, 0.19931
12871, -25, 500, 0.20000, 0.20038
12872, -25, 500, 0.20000, 0.19967
12873, -25, 500, 0.20000, 0.20002
12874, -25, 500, 0.20000, 0.19967
12875, -25, 500, 0.20000, 0.20074
12876, -25, 500, 0.20000, 0.20146
12877, -25, 500, 0.20000, 0.19931
12878, -25, 500, 0.20000, 0.19967
12879, -25, 500, 0.20000, 0.19967
12880, -25, 500, 0.20000, 0.20254
12881, -25, 500, 0.20000, 0.19859
12882, -25, 500, 0.20000, 0.20038
12883, -25, 500, 0.20000, 0.20002
12884, -25, 500, 0.20000, 0.19967
12885, -25, 500, 0.20000, 0.19967
12886, -25, 500, 0.20000, 0.20218
12887, -25, 500, 0.20000, 0.19967
12888, -25, 500, 0.20000, 0.20110
12889, -25, 500, 0.20000, 0.20254
12890, -25, 500, 0.20000, 0.19967
12891, -25, 500, 0.20000, 0.20218
12892, -25, 500, 0.20000, 0.20002
12893, -25, 500, 0.20000, 0.19895
12894, -25, 500, 0.20000, 0.19967
12895, -25, 500, 0.20000, 0.20146
12896, -25, 500, 0.20000, 0.20002
12897, -25, 500, 0.20000, 0.19967
12898, -25, 500, 0.20000, 0.20218
12899, -25, 500, 0.20000, 0.19967
12900, -25, 500, 0.20000, 0.19967
12901, -25, 500, 0.20000, 0.19967
12902, -25, 500, 0.20000, 0.19931
12903, -25, 500, 0.20000, 0.19895
12904, -25, 500, 0.20000, 0.19931
12905, -25, 500, 0.20000, 0.19967
12906, -25, 500, 0.20000, 0.20038
12907, -25, 500, 0.20000, 0.20110
12908, -25, 500, 0.20000, 0.19895
12909, -25, 500, 0.20000, 0.20038
12910, -25, 500, 0.20000, 0.20146
12911, -25, 500, 0.20000, 0.19931
12912, -25, 500, 0.20000, 0.19931
12913, -25, 500, 0.20000, 0.19931
12914, -25, 500, 0.20000, 0.19931
12915, -25, 500, 0.20000, 0.19895
12916, -25, 500, 0.20000, 0.19931
12917, -25, 500, 0.20000, 0.19859
12918, -25, 500, 0.20000, 0.19859
12919, -25, 500, 0.20000, 0.19895
12920, -25, 500, 0.20000, 0.19751
12921, -25, 500, 0.20000, 0.19715
12922, -25, 500, 0.20000, 0.19931
12923, -25, 500, 0.20000, 0.19751
12924, -25, 500, 0.20000, 0.20002
12925, -25, 500, 0.20000, 0.20038
12926, -25, 500, 0.20000, 0.19931
12927, -25, 500, 0.20000, 0.19859
12928, -25, 500, 0.20000, 0.19895
12929, -25, 500, 0.20000, 0.19931
12930, -25, 500, 0.20000, 0.19859
12931, -25, 500, 0.20000, 0.20074
12932, -25, 500, 0.20000, 0.19571
12933, -25, 500, 0.20000, 0.20002
12934, -25, 500, 0.20000, 0.19967
12935, -25, 500, 0.20000, 0.20002
12936, -25, 500, 0.20000, 0.20002
12937, -25, 500, 0.20000, 0.19535
12938, -25, 500, 0.20000, 0.19931
12939, -25, 500, 0.20000, 0.19967
12940, -25, 500, 0.20000, 0.20074
12941, -25, 500, 0.20000, 0.19967
12942, -25, 500, 0.20000, 0.20074
12943, -25, 500, 0.20000, 0.19859
12944, -25, 500, 0.20000, 0.19931
12945, -25, 500, 0.20000, 0.20074
12946, -25, 500, 0.20000, 0.20002
12947, -25, 500, 0.20000, 0.19895
12948, -25, 500, 0.20000, 0.20074
12949, -25, 500, 0.20000, 0.18888
12950, -25, 500, 0.20000, 0.20218
12951, -25, 500, 0.20000, 0.20182
12952, -25, 500, 0.20000, 0.19931
12953, -25, 500, 0.20000, 0.20002
12954, -25, 500, 0.20000, 0.19967
12955, -25, 500, 0.20000, 0.20074
12956, -25, 500, 0.20000, 0.19823
12957, -25, 500, 0.20000, 0.19607
12958, -25, 500, 0.20000, 0.20038
12959, -25, 500, 0.20000, 0.19967
12960, -25, 500, 0.20000, 0.20182
12961, -25, 500, 0.20000, 0.20038
12962, -25, 500, 0.20000, 0.20002
12963, -25, 500, 0.20000, 0.20038
12964, -25, 500, 0.20000, 0.20038
12965, -25, 500, 0.20000, 0.20002
12966, -25, 500, 0.20000, 0.20002
12967, -25, 500, 0.20000, 0.20074
12968, -25, 500, 0.20000, 0.19967
12969, -25, 500, 0.20000, 0.19967
12970, -25, 500, 0.20000, 0.20038
12971, -25, 500, 0.20000, 0.20002
12972, -25, 500, 0.20000, 0.20002
12973, -25, 500, 0.20000, 0.19967
12974, -25, 500, 0.20000, 0.20002
12975, -25, 500, 0.20000, 0.19967
12976, -25, 500, 0.20000, 0.19787
12977, -25, 500, 0.20000, 0.19967
12978, -25, 500, 0.20000, 0.20038
12979, -25, 500, 0.20000, 0.19967
12980, -25, 500, 0.20000, 0.19967
12981, -25, 500, 0.20000, 0.20038
12982, -25, 500, 0.20000, 0.20110
12983, -25, 500, 0.20000, 0.19931
12984, -25, 500, 0.20000, 0.20218
12985, -25, 500, 0.20000, 0.19967
12986, -25, 500, 0.20000, 0.20434
12987, -25, 500, 0.20000, 0.20398
12988, -25, 500, 0.20000, 0.19859
12989, -25, 500, 0.20000, 0.20002
12990, -25, 500, 0.00000, 0.20074
12991, -25, 500, 0.00000, 0.20146
12992, -25, 500, 0.00000, 0.19463
12993, -25, 500, 0.00000, 0.18061
12994, -25, 500, 0.00000, 0.16624
12995, -25, 500, 0.00000, 0.15006
12996, -25, 500, 0.00000, 0.13209
12997, -25, 500, 0.00000, 0.11915
12998, -25, 500, 0.00000, 0.09938
12999, -25, 500, 0.00000, 0.08392
13000, -25, 500, 0.00000, 0.06487
13001, -25, 500, 0.00000, 0.04762
13002, -25, 500, 0.00000, 0.03360
13003, -25, 500, 0.00000, 0.02030
13004, -25, 500, 0.00000, 0.00987
13005, -25, 500, 0.00000, -0.00163
13006, -25, 500, 0.00000, -0.00954
13007, -25, 500, 0.00000, -0.01277
13008, -25, 500, 0.00000, -0.01888
13009, -25, 500, 0.00000, -0.02140
13010, -25, 500, 0.00000, -0.02895
13011, -25, 500, 0.00000, -0.02463
13012, -25, 500, 0.00000, -0.02320
13013, -25, 500, 0.00000, -0.02104
13014, -25, 500, 0.00000, -0.02176
13015, -25, 500, 0.00000, -0.01780
13016, -25, 500, 0.00000, -0.01061
13017, -25, 500, 0.00000, -0.01097
13018, -25, 500, 0.00000, -0.00954
13019, -25, 500, 0.00000, -0.00738
13020, -25, 500, 0.00000, -0.00450
13021, -25, 500, 0.00000, -0.00127
13022, -25, 500, 0.00000, -0.00271
13023, -25, 500, 0.00000, 0.00053
13024, -25, 500, 0.00000, 0.00089
13025, -25, 500, 0.00000, 0.00161
13026, -25, 500, 0.00000, 0.00197
13027, -25, 500, 0.00000, 0.00089
13028, -25, 500, 0.00000, 0.00269
13029, -25, 500, 0.00000, 0.00125
13030, -25, 500, 0.00000, 0.00269
13031, -25, 500, 0.00000, 0.00053
13032, -25, 500, 0.00000, 0.00412
13033, -25, 500, 0.00000, 0.00269
13034, -25, 500, 0.00000, 0.00233
13035, -25, 500, 0.00000, 0.00125
13036, -25, 500, 0.00000, 0.00197
13037, -25, 500, 0.00000, 0.00161
13038, -25, 500, 0.00000, 0.00125
13039, -25, 500, 0.00000, 0.00053
13040, -25, 500, 0.00000, -0.00055
13041, -25, 500, 0.00000, -0.00055
13042, -25, 500, 0.00000, -0.00019
13043, -25, 500, 0.00000, 0.00628
13044, -25, 500, 0.00000, -0.00127
13045, -25, 500, 0.00000, -0.00091
13046, -25, 500, 0.00000, 0.00017
13047, -25, 500, 0.00000, -0.00019
13048, -25, 500, 0.00000, 0.00089
13049, -25, 500, 0.00000, -0.00091
13050, -25, 500, 0.00000, -0.00019
13051, -25, 500, 0.00000, 0.00017
13052, -25, 500, 0.00000, -0.00019
13053, -25, 500, 0.00000, 0.00089
13054, -25, 500, 0.00000, -0.00163
13055, -25, 500, 0.00000, -0.00091
13056, -25, 500, 0.00000, -0.00055
13057, -25, 500, 0.00000, 0.00053
13058, -25, 500, 0.00000, 0.00053
13059, -25, 500, 0.00000, 0.00017
13060, -25, 500, 0.00000, -0.00019
13061, -25, 500, 0.00000, -0.00127
13062, -25, 500, 0.00000, -0.00127
13063, -25, 500, 0.00000, 0.00017
13064, -25, 500, 0.00000, -0.00055
13065, -25, 500, 0.00000, -0.00055
13066, -25, 500, 0.00000, -0.00019
13067, -25, 500, 0.00000, -0.00019
13068, -25, 500, 0.00000, -0.00019
13069, -25, 500, 0.00000, -0.00091
13070, -25, 500, 0.00000, -0.00019
13071, -25, 500, 0.00000, -0.00127
13072, -25, 500, 0.00000, 0.00089
13073, -25, 500, 0.00000, 0.00017
13074, -25, 500, 0.00000, -0.00163
13075, -25, 500, 0.00000, 0.00089
13076, -25, 500, 0.00000, -0.00055
13077, -25, 500, 0.00000, 0.00233
13078, -25, 500, 0.00000, -0.00091
13079, -25, 500, 0.00000, -0.00019
13080, -25, 500, 0.00000, 0.00017
13081, -25, 500, 0.00000, -0.00091
13082, -25, 500, 0.00000, 0.00197
13083, -25, 500, 0.00000, -0.00091
13084, -25, 500, 0.00000, -0.00055
13085, -25, 500, 0.00000, 0.00089
13086, -25, 500, 0.00000, -0.00127
13087, -25, 500, 0.00000, 0.00520
13088, -25, 500, 0.00000, -0.00127
13089, -25, 500, 0.00000, 0.00017
13090, -25, 500, 0.00000, -0.00091
13091, -25, 500, 0.00000, 0.00017
13092, -25, 500, 0.00000, 0.00017
13093, -25, 500, 0.00000, -0.00163
13094, -25, 500, 0.00000, 0.00125
13095, -25, 500, 0.00000, 0.00340
13096, -25, 500, 0.00000, 0.00017
13097, -25, 500, 0.00000, 0.00089
13098, -25, 500, 0.00000, -0.00091
13099, -25, 500, 0.00000, -0.00019
13100, -25, 500, 0.00000, -0.00019
13101, -25, 500, 0.00000, -0.00019
13102, -25, 500, 0.00000, -0.00019
13103, -25, 500, 0.00000, 0.00161
13104, -25, 500, 0.00000, -0.00055
13105, -25, 500, 0.00000, 0.00053
13106, -25, 500, 0.00000, 0.00053
13107, -25, 500, 0.00000, 0.00197
13108, -25, 500, 0.00000, -0.00019
13109, -25, 500, 0.00000, -0.00091
13110, -25, 500, 0.00000, -0.00127
13111, -25, 500, 0.00000, -0.00055
13112, -25, 500, 0.00000, 0.00017
13113, -25, 500, 0.00000, -0.00019
13114, -25, 500, 0.00000, 0.00053
13115, -25, 500, 0.00000, 0.00053
13116, -25, 500, 0.00000, -0.00055
13117, -25, 500, 0.00000, 0.00017
13118, -25, 500, 0.00000, 0.00017
13119, -25, 500, 0.00000, -0.00019
13120, -25, 500, 0.00000, -0.00055
13121, -25, 500, 0.00000, -0.00091
13122, -25, 500, 0.00000, -0.00019
13123, -25, 500, 0.00000, -0.00127
13124, -25, 500, 0.00000, 0.00089
13125, -25, 500, 0.00000, 0.00017
13126, -25, 500, 0.00000, -0.00235
13127, -25, 500, 0.00000, -0.00235
13128, -25, 500, 0.00000, -0.00019
13129, -25, 500, 0.00000, 0.00017
13130, -25, 500, 0.00000, -0.00127
13131, -25, 500, 0.00000, -0.00019
13132, -25, 500, 0.00000, 0.00017
13133, -25, 500, 0.00000, 0.00053
13134, -25, 500, 0.00000, 0.00089
13135, -25, 500, 0.00000, -0.00019
13136, -25, 500, 0.00000, -0.00055
13137, -25, 500, 0.00000, 0.00053
13138, -25, 500, 0.00000, 0.00053
13139, -25, 500, 0.00000, -0.00019
13140, -25, 500, 0.00000, -0.00091
13141, -25, 500, 0.00000, 0.00125
13142, -25, 500, 0.00000, 0.00125
13143, -25, 500, 0.00000, 0.00161
13144, -25, 500, 0.00000, -0.00091
13145, -25, 500, 0.00000, 0.00017
13146, -25, 500, 0.00000, -0.00127
13147, -25, 500, 0.00000, -0.00127
13148, -25, 500, 0.00000, -0.00091
13149, -25, 500, 0.00000, 0.00017
13150, -25, 500, 0.00000, -0.00127
13151, -25, 500, 0.00000, -0.00019
13152, -25, 500, 0.00000, 0.00053
13153, -25, 500, 0.00000, 0.00053
13154, -25, 500, 0.00000, -0.00127
13155, -25, 500, 0.00000, 0.00053
13156, -25, 500, 0.00000, -0.00019
13157, -25, 500, 0.00000, 0.00161
13158, -25, 500, 0.00000, -0.00019
13159, -25, 500, 0.00000, -0.00055
13160, -25, 500, 0.00000, -0.00019
13161, -25, 500, 0.00000, 0.00125
13162, -25, 500, 0.00000, 0.00017
13163, -25, 500, 0.00000, -0.00055
13164, -25, 500, 0.00000, 0.00125
13165, -25, 500, 0.00000, -0.00019
13166, -25, 500, 0.00000, 0.00089
13167, -25, 500, 0.00000, -0.00055
13168, -25, 500, 0.00000, -0.00019
13169, -25, 500, 0.00000, -0.00019
13170, -25, 500, 0.00000, -0.00091
13171, -25, 500, 0.00000, -0.00091
13172, -25, 500, 0.00000, -0.00019
13173, -25, 500, 0.00000, -0.00271
13174, -25, 500, 0.00000, 0.00017
13175, -25, 500, 0.00000, -0.00019
13176, -25, 500, 0.00000, 0.00556
13177, -25, 500, 0.00000, -0.00055
13178, -25, 500, 0.00000, -0.00019
13179, -25, 500, 0.00000, -0.00055
13180, -25, 500, 0.00000, 0.00017
13181, -25, 500, 0.00000, 0.00053
13182, -25, 500, 0.00000, 0.00448
13183, -25, 500, 0.00000, 0.00053
13184, -25, 500, 0.00000, 0.00017
13185, -25, 500, 0.00000, -0.00055
13186, -25, 500, 0.00000, -0.00019
13187, -25, 500, 0.00000, -0.00019
13188, -25, 500, 0.00000, -0.00055
13189, -25, 500, 0.00000, 0.00017
13190, -25, 500, 0.00000, 0.00017
13191, -25, 500, 0.00000, -0.00055
13192, -25, 500, 0.00000, 0.00053
13193, -25, 500, 0.00000, 0.00053
13194, -25, 500, 0.00000, -0.00091
13195, -25, 500, 0.00000, 0.00017
13196, -25, 500, 0.00000, 0.00017
13197, -25, 500, 0.00000, -0.00019
13198, -25, 500, 0.00000, 0.00089
13199, -25, 500, 0.00000, 0.00412
13200, -25, 500, 0.00000, 0.00089
13201, -25, 500, 0.00000, -0.00091
13202, -25, 500, 0.00000, 0.00017
13203, -25, 500, 0.00000, -0.00019
13204, -25, 500, 0.00000, 0.00017
13205, -25, 500, 0.00000, 0.00053
13206, -25, 500, 0.00000, -0.00055
13207, -25, 500, 0.00000, 0.00017
13208, -25, 500, 0.00000, -0.00019
13209, -25, 500, 0.00000, 0.00053
13210, -25, 500, 0.00000, 0.00017
13211, -25, 500, 0.00000, -0.00091
13212, -25, 500, 0.00000, -0.00091
13213, -25, 500, 0.00000, -0.00019
13214, -25, 500, 0.00000, 0.00089
13215, -25, 500, 0.00000, 0.00017
13216, -25, 500, 0.00000, -0.00091
13217, -25, 500, 0.00000, -0.00091
13218, -25, 500, 0.00000, -0.00307
13219, -25, 500, 0.00000, -0.00019
13220, -25, 500, 0.00000, -0.00091
13221, -25, 500, 0.00000, -0.00055
13222, -25, 500, 0.00000, -0.00019
13223, -25, 500, 0.00000, 0.00053
13224, -25, 500, 0.00000, 0.00053
13225, -25, 500, 0.00000, -0.00163
13226, -25, 500, 0.00000, 0.00017
13227, -25, 500, 0.00000, 0.00017
13228, -25, 500, 0.00000, -0.00019
13229, -25, 500, 0.00000, 0.00304
13230, -25, 500, 0.00000, -0.00091
13231, -25, 500, 0.00000, -0.00019
13232, -25, 500, 0.00000, 0.00017
13233, -25, 500, 0.00000, 0.00053
13234, -25, 500, 0.00000, -0.00055
13235, -25, 500, 0.00000, -0.00055
13236, -25, 500, 0.00000, -0.00019
13237, -25, 500, 0.00000, -0.00055
13238, -25, 500, 0.00000, 0.00017
13239, -25, 500, 0.00000, 0.00089
13240, -25, 500, 0.00000, -0.00055
13241, -25, 500, 0.00000, -0.00019
13242, -25, 500, 0.00000, 0.00053
13243, -25, 500, 0.00000, 0.00340
13244, -25, 500, 0.00000, -0.00127
13245, -25, 500, 0.00000, 0.00017
13246, -25, 500, 0.00000, -0.00091
13247, -25, 500, 0.00000, 0.00017
13248, -25, 500, 0.00000, -0.00019
13249, -25, 500, 0.00000, 0.00017
13250, -25, 500, 0.00000, -0.00163
13251, -25, 500, 0.00000, 0.00053
13252, -25, 500, 0.00000, 0.00089
13253, -25, 500, 0.00000, -0.00091
13254, -25, 500, 0.00000, 0.00017
13255, -25, 500, 0.00000, 0.00089
13256, -25, 500, 0.00000, -0.00019
13257, -25, 500, 0.00000, 0.00089
13258, -25, 500, 0.00000, 0.00053
13259, -25, 500, 0.00000, -0.00055
13260, -25, 500, 0.00000, 0.00053
13261, -25, 500, 0.00000, -0.00055
13262, -25, 500, 0.00000, 0.00017
13263, -25, 500, 0.20000, -0.00019
13264, -25, 500, 0.20000, 0.00233
13265, -25, 500, 0.20000, 0.00628
13266, -25, 500, 0.20000, 0.01347
13267, -25, 500, 0.20000, 0.03072
13268, -25, 500, 0.20000, 0.04834
13269, -25, 500, 0.20000, 0.07098
13270, -25, 500, 0.20000, 0.08752
13271, -25, 500, 0.20000, 0.10549
13272, -25, 500, 0.20000, 0.11915
13273, -25, 500, 0.20000, 0.13424
13274, -25, 500, 0.20000, 0.14898
13275, -25, 500, 0.20000, 0.16444
13276, -25, 500, 0.20000, 0.18205
13277, -25, 500, 0.20000, 0.19607
13278, -25, 500, 0.20000, 0.20578
13279, -25, 500, 0.20000, 0.21404
13280, -25, 500, 0.20000, 0.21872
13281, -25, 500, 0.20000, 0.21979
13282, -25, 500, 0.20000, 0.22195
13283, -25, 500, 0.20000, 0.22483
13284, -25, 500, 0.20000, 0.22519
13285, -25, 500, 0.20000, 0.22555
13286, -25, 500, 0.20000, 0.22375
13287, -25, 500, 0.20000, 0.22339
13288, -25, 500, 0.20000, 0.22411
13289, -25, 500, 0.20000, 0.22447
13290, -25, 500, 0.20000, 0.21944
13291, -25, 500, 0.20000, 0.21368
13292, -25, 500, 0.20000, 0.21548
13293, -25, 500, 0.20000, 0.21189
13294, -25, 500, 0.20000, 0.20901
13295, -25, 500, 0.20000, 0.20793
13296, -25, 500, 0.20000, 0.20254
13297, -25, 500, 0.20000, 0.19895
13298, -25, 500, 0.20000, 0.20254
13299, -25, 500, 0.20000, 0.20074
13300, -25, 500, 0.20000, 0.19967
13301, -25, 500, 0.20000, 0.19823
13302, -25, 500, 0.20000, 0.19787
13303, -25, 500, 0.20000, 0.19751
13304, -25, 500, 0.20000, 0.19751
13305, -25, 500, 0.20000, 0.19679
13306, -25, 500, 0.20000, 0.20038
13307, -25, 500, 0.20000, 0.19607
13308, -25, 500, 0.20000, 0.19607
13309, -25, 500, 0.20000, 0.19715
13310, -25, 500, 0.20000, 0.19607
13311, -25, 500, 0.20000, 0.19787
13312, -25, 500, 0.20000, 0.19787
13313, -25, 500, 0.20000, 0.19715
13314, -25, 500, 0.20000, 0.19787
13315, -25, 500, 0.20000, 0.19859
13316, -25, 500, 0.20000, 0.19931
13317, -25, 500, 0.20000, 0.19823
13318, -25, 500, 0.20000, 0.20182
13319, -25, 500, 0.20000, 0.20038
13320, -25, 500, 0.20000, 0.20182
13321, -25, 500, 0.20000, 0.19967
13322, -25, 500, 0.20000, 0.19787
13323, -25, 500, 0.20000, 0.19931
13324, -25, 500, 0.20000, 0.19895
13325, -25, 500, 0.20000, 0.20038
13326, -25, 500, 0.20000, 0.20002
13327, -25, 500, 0.20000, 0.20002
13328, -25, 500, 0.20000, 0.20038
13329, -25, 500, 0.20000, 0.19859
13330, -25, 500, 0.20000, 0.20326
13331, -25, 500, 0.20000, 0.20038
13332, -25, 500, 0.20000, 0.19895
13333, -25, 500, 0.20000, 0.19931
13334, -25, 500, 0.20000, 0.20254
13335, -25, 500, 0.20000, 0.19967
13336, -25, 500, 0.20000, 0.19967
13337, -25, 500, 0.20000, 0.20110
13338, -25, 500, 0.20000, 0.19931
13339, -25, 500, 0.20000, 0.19967
13340, -25, 500, 0.20000, 0.20110
13341, -25, 500, 0.20000, 0.20038
13342, -25, 500, 0.20000, 0.20470
13343, -25, 500, 0.20000, 0.20002
13344, -25, 500, 0.20000, 0.20362
13345, -25, 500, 0.20000, 0.20002
13346, -25, 500, 0.20000, 0.20002
13347, -25, 500, 0.20000, 0.20002
13348, -25, 500, 0.20000, 0.20002
13349, -25, 500, 0.20000, 0.19931
13350, -25, 500, 0.20000, 0.20218
13351, -25, 500, 0.20000, 0.19895
13352, -25, 500, 0.20000, 0.19967
13353, -25, 500, 0.20000, 0.19967
13354, -25, 500, 0.20000, 0.19931
13355, -25, 500, 0.20000, 0.20110
13356, -25, 500, 0.20000, 0.19823
13357, -25, 500, 0.20000, 0.19859
13358, -25, 500, 0.20000, 0.19967
13359, -25, 500, 0.20000, 0.19032
13360, -25, 500, 0.20000, 0.20002
13361, -25, 500, 0.20000, 0.20002
13362, -25, 500, 0.20000, 0.20434
13363, -25, 500, 0.20000, 0.19607
13364, -25, 500, 0.20000, 0.19967
13365, -25, 500, 0.20000, 0.20182
13366, -25, 500, 0.20000, 0.19895
13367, -25, 500, 0.20000, 0.20398
13368, -25, 500, 0.20000, 0.19931
13369, -25, 500, 0.20000, 0.20362
13370, -25, 500, 0.20000, 0.19895
13371, -25, 500, 0.20000, 0.19967
13372, -25, 500, 0.20000, 0.19931
13373, -25, 500, 0.20000, 0.19967
13374, -25, 500, 0.20000, 0.19967
13375, -25, 500, 0.20000, 0.20038
13376, -25, 500, 0.20000, 0.20002
13377, -25, 500, 0.20000, 0.20002
13378, -25, 500, 0.20000, 0.20002
13379, -25, 500, 0.20000, 0.20002
13380, -25, 500, 0.20000, 0.20038
13381, -25, 500, 0.20000, 0.19967
13382, -25, 500, 0.20000, 0.19859
13383, -25, 500, 0.20000, 0.19607
13384, -25, 500, 0.20000, 0.19967
13385, -25, 500, 0.20000, 0.20110
13386, -25, 500, 0.20000, 0.20002
13387, -25, 500, 0.20000, 0.20326
13388, -25, 500, 0.20000, 0.19931
13389, -25, 500, 0.20000, 0.19967
13390, -25, 500, 0.20000, 0.20038
13391, -25, 500, 0.20000, 0.20110
13392, -25, 500, 0.20000, 0.20074
13393, -25, 500, 0.20000, 0.19967
13394, -25, 500, 0.20000, 0.20038
13395, -25, 500, 0.20000, 0.19859
13396, -25, 500, 0.20000, 0.19967
13397, -25, 500, 0.20000, 0.19895
13398, -25, 500, 0.20000, 0.20614
13399, -25, 500, 0.20000, 0.20002
13400, -25, 500, 0.20000, 0.19895
13401, -25, 500, 0.20000, 0.20506
13402, -25, 500, 0.20000, 0.19967
13403, -25, 500, 0.20000, 0.19859
13404, -25, 500, 0.20000, 0.19967
13405, -25, 500, 0.20000, 0.20074
13406, -25, 500, 0.20000, 0.20074
13407, -25, 500, 0.20000, 0.19967
13408, -25, 500, 0.20000, 0.20038
13409, -25, 500, 0.20000, 0.19931
13410, -25, 500, 0.20000, 0.19643
13411, -25, 500, 0.20000, 0.20110
13412, -25, 500, 0.20000, 0.20038
13413, -25, 500, 0.20000, 0.19967
13414, -25, 500, 0.20000, 0.20685
13415, -25, 500, 0.20000, 0.20793
13416, -25, 500, 0.20000, 0.19068
13417, -25, 500, 0.20000, 0.20002
13418, -25, 500, 0.20000, 0.20002
13419, -25, 500, 0.20000, 0.19967
13420, -25, 500, 0.20000, 0.19967
13421, -25, 500, 0.20000, 0.19859
13422, -25, 500, 0.20000, 0.20038
13423, -25, 500, 0.20000, 0.20074
13424, -25, 500, 0.20000, 0.19967
13425, -25, 500, 0.20000, 0.20002
13426, -25, 500, 0.20000, 0.20002
13427, -25, 500, 0.20000, 0.20146
13428, -25, 500, 0.20000, 0.19931
13429, -25, 500, 0.20000, 0.19931
13430, -25, 500, 0.20000, 0.19823
13431, -25, 500, 0.20000, 0.19931
13432, -25, 500, 0.20000, 0.20038
13433, -25, 500, 0.20000, 0.19967
13434, -25, 500, 0.20000, 0.19391
13435, -25, 500, 0.20000, 0.20002
13436, -25, 500, 0.20000, 0.20002
13437, -25, 500, 0.20000, 0.20362
13438, -25, 500, 0.20000, 0.20110
13439, -25, 500, 0.20000, 0.19967
13440, -25, 500, 0.20000, 0.20074
13441, -25, 500, 0.20000, 0.19895
13442, -25, 500, 0.20000, 0.20254
13443, -25, 500, 0.20000, 0.20074
13444, -25, 500, 0.20000, 0.19355
13445, -25, 500, 0.20000, 0.19967
13446, -25, 500, 0.20000, 0.20002
13447, -25, 500, 0.20000, 0.19895
13448, -25, 500, 0.20000, 0.20038
13449, -25, 500, 0.20000, 0.20146
13450, -25, 500, 0.20000, 0.19931
13451, -25, 500, 0.20000, 0.20038
13452, -25, 500, 0.20000, 0.20074
13453, -25, 500, 0.20000, 0.19967
13454, -25, 500, 0.20000, 0.20002
13455, -25, 500, 0.20000, 0.20002
13456, -25, 500, 0.20000, 0.20002
13457, -25, 500, 0.20000, 0.19967
13458, -25, 500, 0.20000, 0.19895
13459, -25, 500, 0.20000, 0.19427
13460, -25, 500, 0.20000, 0.20002
13461, -25, 500, 0.20000, 0.20038
13462, -25, 500, 0.20000, 0.19895
13463, -25, 500, 0.20000, 0.19967
13464, -25, 500, 0.20000, 0.19895
13465, -25, 500, 0.20000, 0.19895
13466, -25, 500, 0.20000, 0.20002
13467, -25, 500, 0.20000, 0.20110
13468, -25, 500, 0.20000, 0.20110
13469, -25, 500, 0.20000, 0.20002
13470, -25, 500, 0.20000, 0.19931
13471, -25, 500, 0.20000, 0.20002
13472, -25, 500, 0.20000, 0.19931
13473, -25, 500, 0.20000, 0.19967
13474, -25, 500, 0.20000, 0.19967
13475, -25, 500, 0.20000, 0.20002
13476, -25, 500, 0.20000, 0.19931
13477, -25, 500, 0.20000, 0.19931
13478, -25, 500, 0.20000, 0.20254
13479, -25, 500, 0.20000, 0.19931
13480, -25, 500, 0.20000, 0.19895
13481, -25, 500, 0.20000, 0.19931
13482, -25, 500, 0.20000, 0.20470
13483, -25, 500, 0.20000, 0.20110
13484, -25, 500, 0.20000, 0.19859
13485, -25, 500, 0.20000, 0.20038
13486, -25, 500, 0.20000, 0.19859
13487, -25, 500, 0.20000, 0.19931
13488, -25, 500, 0.20000, 0.19895
13489, -25, 500, 0.20000, 0.19967
13490, -25, 500, 0.20000, 0.20002
13491, -25, 500, 0.20000, 0.20146
13492, -25, 500, 0.20000, 0.20002
13493, -25, 500, 0.20000, 0.19895
13494, -25, 500, 0.20000, 0.19355
13495, -25, 500, 0.20000, 0.19859
13496, -25, 500, 0.20000, 0.19931
13497, -25, 500, 0.20000, 0.20074
13498, -25, 500, 0.20000, 0.20146
13499, -25, 500, 0.20000, 0.19931
13500, -25, 500, 0.20000, 0.19967
13501, -25, 500, 0.20000, 0.19967
13502, -25, 500, 0.20000, 0.20002
13503, -25, 500, 0.20000, 0.19859
13504, -25, 500, 0.20000, 0.19823
13505, -25, 500, 0.20000, 0.20038
13506, -25, 500, 0.20000, 0.19859
13507, -25, 500, 0.20000, 0.20002
13508, -25, 500, 0.20000, 0.19787
13509, -25, 500, 0.20000, 0.20110
13510, -25, 500, 0.20000, 0.20038
13511, -25, 500, 0.20000, 0.20038
13512, -25, 500, 0.20000, 0.20074
13513, -25, 500, 0.20000, 0.19931
13514, -25, 500, 0.20000, 0.20002
13515, -25, 500, 0.20000, 0.19715
13516, -25, 500, 0.20000, 0.20074
13517, -25, 500, 0.20000, 0.20002
13518, -25, 500, 0.20000, 0.19823
13519, -25, 500, 0.20000, 0.20002
13520, -25, 500, 0.20000, 0.19931
13521, -25, 500, 0.20000, 0.19967
13522, -25, 500, 0.20000, 0.19967
13523, -25, 500, 0.20000, 0.19751
13524, -25, 500, 0.20000, 0.20038
13525, -25, 500, 0.20000, 0.20578
13526, -25, 500, 0.20000, 0.19823
13527, -25, 500, 0.20000, 0.19967
13528, -25, 500, 0.20000, 0.19931
13529, -25, 500, 0.20000, 0.19859
13530, -25, 500, 0.20000, 0.20038
13531, -25, 500, 0.20000, 0.19967
13532, -25, 500, 0.20000, 0.19931
13533, -25, 500, 0.20000, 0.19967
13534, -25, 500, 0.20000, 0.19823
13535, -25, 500, 0.20000, 0.19967
13536, -25, 500, 0.20000, 0.19931
13537, -25, 500, 0.20000, 0.20002
13538, -25, 500, 0.20000, 0.20326
13539, -25, 500, 0.20000, 0.19895
13540, -25, 500, 0.20000, 0.19967
13541, -25, 500, 0.20000, 0.19931
13542, -25, 500, 0.20000, 0.20793
13543, -25, 500, 0.20000, 0.19859
13544, -25, 500, 0.20000, 0.20002
13545, -25, 500, 0.20000, 0.19715
13546, -25, 500, 0.20000, 0.19967
13547, -25, 500, 0.20000, 0.20002
13548, -25, 500, 0.20000, 0.19967
13549, -25, 500, 0.20000, 0.19931
13550, -25, 500, 0.00000, 0.20110
13551, -25, 500, 0.00000, 0.20218
13552, -25, 500, 0.00000, 0.19355
13553, -25, 500, 0.00000, 0.17954
13554, -25, 500, 0.00000, 0.16300
13555, -25, 500, 0.00000, 0.14790
13556, -25, 500, 0.00000, 0.13137
13557, -25, 500, 0.00000, 0.10765
13558, -25, 500, 0.00000, 0.09686
13559, -25, 500, 0.00000, 0.07817
13560, -25, 500, 0.00000, 0.06128
13561, -25, 500, 0.00000, 0.04474
13562, -25, 500, 0.00000, 0.02533
13563, -25, 500, 0.00000, 0.00987
13564, -25, 500, 0.00000, 0.00053
13565, -25, 500, 0.00000, -0.00810
13566, -25, 500, 0.00000, -0.01493
13567, -25, 500, 0.00000, -0.02032
13568, -25, 500, 0.00000, -0.02140
13569, -25, 500, 0.00000, -0.02391
13570, -25, 500, 0.00000, -0.02427
13571, -25, 500, 0.00000, -0.03829
13572, -25, 500, 0.00000, -0.02391
13573, -25, 500, 0.00000, -0.02499
13574, -25, 500, 0.00000, -0.02427
13575, -25, 500, 0.00000, -0.01960
13576, -25, 500, 0.00000, -0.02176
13577, -25, 500, 0.00000, -0.01924
13578, -25, 500, 0.00000, -0.01565
13579, -25, 500, 0.00000, -0.01349
13580, -25, 500, 0.00000, -0.01133
13581, -25, 500, 0.00000, -0.01349
13582, -25, 500, 0.00000, -0.00846
13583, -25, 500, 0.00000, -0.00414
13584, -25, 500, 0.00000, -0.00127
13585, -25, 500, 0.00000, 0.00017
13586, -25, 500, 0.00000, 0.00017
13587, -25, 500, 0.00000, -0.00091
13588, -25, 500, 0.00000, -0.00019
13589, -25, 500, 0.00000, 0.00161
13590, -25, 500, 0.00000, 0.00304
13591, -25, 500, 0.00000, 0.00161
13592, -25, 500, 0.00000, 0.00089
13593, -25, 500, 0.00000, 0.00125
13594, -25, 500, 0.00000, 0.00376
13595, -25, 500, 0.00000, 0.00412
13596, -25, 500, 0.00000, 0.00233
13597, -25, 500, 0.00000, 0.00089
13598, -25, 500, 0.00000, 0.00197
13599, -25, 500, 0.00000, 0.00269
13600, -25, 500, 0.00000, 0.00197
13601, -25, 500, 0.00000, 0.00089
13602, -25, 500, 0.00000, -0.00019
13603, -25, 500, 0.00000, -0.00019
13604, -25, 500, 0.00000, 0.00017
13605, -25, 500, 0.00000, -0.00019
13606, -25, 500, 0.00000, -0.00630
13607, -25, 500, 0.00000, -0.00343
13608, -25, 500, 0.00000, -0.00091
13609, -25, 500, 0.00000, 0.00197
13610, -25, 500, 0.00000, 0.00269
13611, -25, 500, 0.00000, -0.00127
13612, -25, 500, 0.00000, -0.00055
13613, -25, 500, 0.00000, -0.00091
13614, -25, 500, 0.00000, -0.00091
13615, -25, 500, 0.00000, -0.00738
13616, -25, 500, 0.00000, -0.00343
13617, -25, 500, 0.00000, 0.00269
13618, -25, 500, 0.00000, -0.00091
13619, -25, 500, 0.00000, -0.00127
13620, -25, 500, 0.00000, -0.00019
13621, -25, 500, 0.00000, -0.00091
13622, -25, 500, 0.00000, -0.00414
13623, -25, 500, 0.00000, 0.00053
13624, -25, 500, 0.00000, 0.00161
13625, -25, 500, 0.00000, 0.00017
13626, -25, 500, 0.00000, -0.00127
13627, -25, 500, 0.00000, -0.00091
13628, -25, 500, 0.00000, -0.00414
13629, -25, 500, 0.00000, 0.00053
13630, -25, 500, 0.00000, -0.00019
13631, -25, 500, 0.00000, -0.00199
13632, -25, 500, 0.00000, 0.00017
13633, -25, 500, 0.00000, 0.00844
13634, -25, 500, 0.00000, 0.00053
13635, -25, 500, 0.00000, -0.00666
13636, -25, 500, 0.00000, 0.00053
13637, -25, 500, 0.00000, 0.00053
13638, -25, 500, 0.00000, -0.00055
13639, -25, 500, 0.00000, 0.00125
13640, -25, 500, 0.00000, 0.00017
13641, -25, 500, 0.00000, -0.00199
13642, -25, 500, 0.00000, -0.00091
13643, -25, 500, 0.00000, 0.00053
13644, -25, 500, 0.00000, -0.00019
13645, -25, 500, 0.00000, -0.00019
13646, -25, 500, 0.00000, -0.00019
13647, -25, 500, 0.00000, -0.00019
13648, -25, 500, 0.00000, 0.00089
13649, -25, 500, 0.00000, -0.00019
13650, -25, 500, 0.00000, -0.00055
13651, -25, 500, 0.00000, 0.00017
13652, -25, 500, 0.00000, 0.00053
13653, -25, 500, 0.00000, 0.00053
13654, -25, 500, 0.00000, 0.00448
13655, -25, 500, 0.00000, -0.00019
13656, -25, 500, 0.00000, 0.00089
13657, -25, 500, 0.00000, -0.00091
13658, -25, 500, 0.00000, -0.00019
13659, -25, 500, 0.00000, -0.00019
13660, -25, 500, 0.00000, -0.00019
13661, -25, 500, 0.00000, 0.00376
13662, -25, 500, 0.00000, -0.00127
13663, -25, 500, 0.00000, -0.00055
13664, -25, 500, 0.00000, -0.00019
13665, -25, 500, 0.00000, -0.00019
13666, -25, 500, 0.00000, 0.00017
13667, -25, 500, 0.00000, -0.00055
13668, -25, 500, 0.00000, -0.00091
13669, -25, 500, 0.00000, -0.00019
13670, -25, 500, 0.00000, -0.00450
13671, -25, 500, 0.00000, -0.00019
13672, -25, 500, 0.00000, -0.00594
13673, -25, 500, 0.00000, 0.00269
13674, -25, 500, 0.00000, -0.00055
13675, -25, 500, 0.00000, -0.00127
13676, -25, 500, 0.00000, -0.00055
13677, -25, 500, 0.00000, 0.00125
13678, -25, 500, 0.00000, -0.00091
13679, -25, 500, 0.00000, -0.00055
13680, -25, 500, 0.00000, -0.00199
13681, -25, 500, 0.00000, 0.00017
13682, -25, 500, 0.00000, 0.00053
13683, -25, 500, 0.00000, 0.00304
13684, -25, 500, 0.00000, -0.01277
13685, -25, 500, 0.00000, 0.00017
13686, -25, 500, 0.00000, 0.00125
13687, -25, 500, 0.00000, -0.00127
13688, -25, 500, 0.00000, -0.00163
13689, -25, 500, 0.00000, 0.00089
13690, -25, 500, 0.00000, -0.00019
13691, -25, 500, 0.00000, -0.00019
13692, -25, 500, 0.00000, -0.00019
13693, -25, 500, 0.00000, 0.00017
13694, -25, 500, 0.00000, -0.00271
13695, -25, 500, 0.00000, 0.00269
13696, -25, 500, 0.00000, 0.00053
13697, -25, 500, 0.00000, -0.00055
13698, -25, 500, 0.00000, 0.00017
13699, -25, 500, 0.00000, 0.00233
13700, -25, 500, 0.00000, -0.00055
13701, -25, 500, 0.00000, -0.00055
13702, -25, 500, 0.00000, 0.00269
13703, -25, 500, 0.00000, 0.00161
13704, -25, 500, 0.00000, -0.00163
13705, -25, 500, 0.00000, -0.00055
13706, -25, 500, 0.00000, -0.00019
13707, -25, 500, 0.00000, 0.00053
13708, -25, 500, 0.00000, 0.00053
13709, -25, 500, 0.00000, 0.00017
13710, -25, 500, 0.00000, -0.00019
13711, -25, 500, 0.00000, 0.00017
13712, -25, 500, 0.00000, -0.00127
13713, -25, 500, 0.00000, -0.00055
13714, -25, 500, 0.00000, 0.00053
13715, -25, 500, 0.00000, 0.00053
13716, -25, 500, 0.00000, 0.00017
13717, -25, 500, 0.00000, 0.00089
13718, -25, 500, 0.00000, -0.00127
13719, -25, 500, 0.00000, -0.00127
13720, -25, 500, 0.00000, 0.00161
13721, -25, 500, 0.00000, 0.00089
13722, -25, 500, 0.00000, -0.00091
13723, -25, 500, 0.00000, -0.00019
13724, -25, 500, 0.00000, -0.00091
13725, -25, 500, 0.00000, -0.00019
13726, -25, 500, 0.00000, 0.00017
13727, -25, 500, 0.00000, -0.00091
13728, -25, 500, 0.00000, -0.00055
13729, -25, 500, 0.00000, -0.00055
13730, -25, 500, 0.00000, -0.00019
13731, -25, 500, 0.00000, 0.00017
13732, -25, 500, 0.00000, 0.00053
13733, -25, 500, 0.00000, -0.00414
13734, -25, 500, 0.00000, 0.00017
13735, -25, 500, 0.00000, -0.00343
13736, -25, 500, 0.00000, -0.00019
13737, -25, 500, 0.00000, 0.00053
13738, -25, 500, 0.00000, 0.00017
13739, -25, 500, 0.00000, 0.00304
13740, -25, 500, 0.00000, -0.00019
13741, -25, 500, 0.00000, 0.00053
13742, -25, 500, 0.00000, -0.00019
13743, -25, 500, 0.00000, -0.00055
13744, -25, 500, 0.00000, -0.00127
13745, -25, 500, 0.00000, -0.00127
13746, -25, 500, 0.00000, 0.00161
13747, -25, 500, 0.00000, -0.00055
13748, -25, 500, 0.00000, 0.00233
13749, -25, 500, 0.00000, -0.00055
13750, -25, 500, 0.00000, 0.00125
13751, -25, 500, 0.00000, 0.00089
13752, -25, 500, 0.00000, -0.00019
13753, -25, 500, 0.00000, 0.00053
13754, -25, 500, 0.00000, 0.00017
13755, -25, 500, 0.00000, -0.00163
13756, -25, 500, 0.00000, -0.00307
13757, -25, 500, 0.00000, 0.00089
13758, -25, 500, 0.00000, 0.00844
13759, -25, 500, 0.00000, -0.00019
13760, -25, 500, 0.00000, -0.00091
13761, -25, 500, 0.00000, 0.00017
13762, -25, 500, 0.00000, -0.00019
13763, -25, 500, 0.00000, 0.00053
13764, -25, 500, 0.00000, -0.00019
13765, -25, 500, 0.00000, -0.00019
13766, -25, 500, 0.00000, 0.00233
13767, -25, 500, 0.00000, 0.00017
13768, -25, 500, 0.00000, 0.00017
13769, -25, 500, 0.00000, -0.00163
13770, -25, 500, 0.00000, 0.00125
13771, -25, 500, 0.00000, -0.00055
13772, -25, 500, 0.00000, 0.00017
13773, -25, 500, 0.00000, 0.00017
13774, -25, 500, 0.00000, 0.00017
13775, -25, 500, 0.00000, 0.00017
13776, -25, 500, 0.00000, 0.00053
13777, -25, 500, 0.00000, 0.00017
13778, -25, 500, 0.00000, 0.00053
13779, -25, 500, 0.00000, -0.00019
13780, -25, 500, 0.00000, 0.00233
13781, -25, 500, 0.00000, -0.00019
13782, -25, 500, 0.00000, 0.00089
13783, -25, 500, 0.00000, 0.00161
13784, -25, 500, 0.00000, -0.00055
13785, -25, 500, 0.00000, 0.00269
13786, -25, 500, 0.00000, 0.00053
13787, -25, 500, 0.00000, 0.00017
13788, -25, 500, 0.00000, 0.00017
13789, -25, 500, 0.00000, -0.00091
13790, -25, 500, 0.00000, 0.00304
13791, -25, 500, 0.00000, 0.00089
13792, -25, 500, 0.00000, -0.00486
13793, -25, 500, 0.00000, 0.00628
13794, -25, 500, 0.00000, -0.00019
13795, -25, 500, 0.00000, -0.00522
13796, -25, 500, 0.00000, 0.00125
13797, -25, 500, 0.00000, 0.00017
13798, -25, 500, 0.00000, -0.00127
13799, -25, 500, 0.00000, -0.00019
13800, -25, 500, 0.00000, 0.00053
13801, -25, 500, 0.00000, 0.00053
13802, -25, 500, 0.00000, 0.00017
13803, -25, 500, 0.00000, 0.00017
13804, -25, 500, 0.00000, 0.00125
13805, -25, 500, 0.00000, 0.00125
13806, -25, 500, 0.00000, -0.00199
13807, -25, 500, 0.00000, 0.00053
13808, -25, 500, 0.00000, 0.00125
13809, -25, 500, 0.00000, -0.00235
13810, -25, 500, 0.00000, -0.00055
13811, -25, 500, 0.00000, -0.00379
13812, -25, 500, 0.00000, 0.00017
13813, -25, 500, 0.00000, -0.00091
13814, -25, 500, 0.00000, -0.00379
13815, -25, 500, 0.00000, 0.00053
13816, -25, 500, 0.00000, 0.00089
13817, -25, 500, 0.00000, -0.00091
13818, -25, 500, 0.00000, 0.00628
13819, -25, 500, 0.00000, -0.00666
13820, -25, 500, 0.00000, -0.00019
13821, -25, 500, 0.00000, -0.00019
13822, -25, 500, 0.00000, -0.00019
13823, -25, 500, 0.00000, -0.00055
13824, -25, 500, 0.00000, -0.00019
13825, -25, 500, 0.00000, -0.00019
13826, -25, 500, 0.00000, -0.00019
13827, -25, 500, 0.00000, -0.00091
13828, -25, 500, 0.00000, -0.00127
13829, -25, 500, 0.00000, -0.00091
13830, -25, 500, 0.00000, -0.00091
13831, -25, 500, 0.00000, 0.00053
13832, -25, 500, 0.00000, -0.00235
13833, -25, 500, 0.00000, 0.00053
13834, -25, 500, 0.00000, -0.00019
13835, -25, 500, 0.00000, -0.00019
13836, -25, 500, 0.00000, 0.00053
13837, -25, 500, 0.20000, -0.00450
13838, -25, 500, 0.20000, -0.00450
13839, -25, 500, 0.20000, 0.00448
13840, -25, 500, 0.20000, 0.01527
13841, -25, 500, 0.20000, 0.02281
13842, -25, 500, 0.20000, 0.03252
13843, -25, 500, 0.20000, 0.04870
13844, -25, 500, 0.20000, 0.06199
13845, -25, 500, 0.20000, 0.07386
13846, -25, 500, 0.20000, 0.09075
13847, -25, 500, 0.20000, 0.10369
13848, -25, 500, 0.20000, 0.12274
13849, -25, 500, 0.20000, 0.13281
13850, -25, 500, 0.20000, 0.14683
13851, -25, 500, 0.20000, 0.16192
13852, -25, 500, 0.20000, 0.17450
13853, -25, 500, 0.20000, 0.17702
13854, -25, 500, 0.20000, 0.19320
13855, -25, 500, 0.20000, 0.20002
13856, -25, 500, 0.20000, 0.20757
13857, -25, 500, 0.20000, 0.21225
13858, -25, 500, 0.20000, 0.21548
13859, -25, 500, 0.20000, 0.22015
13860, -25, 500, 0.20000, 0.21872
13861, -25, 500, 0.20000, 0.22591
13862, -25, 500, 0.20000, 0.22662
13863, -25, 500, 0.20000, 0.22231
13864, -25, 500, 0.20000, 0.22303
13865, -25, 500, 0.20000, 0.22375
13866, -25, 500, 0.20000, 0.22339
13867, -25, 500, 0.20000, 0.22519
13868, -25, 500, 0.20000, 0.22231
13869, -25, 500, 0.20000, 0.21800
13870, -25, 500, 0.20000, 0.21476
13871, -25, 500, 0.20000, 0.21297
13872, -25, 500, 0.20000, 0.21297
13873, -25, 500, 0.20000, 0.20829
13874, -25, 500, 0.20000, 0.20685
13875, -25, 500, 0.20000, 0.20578
13876, -25, 500, 0.20000, 0.20362
13877, -25, 500, 0.20000, 0.20506
13878, -25, 500, 0.20000, 0.20434
13879, -25, 500, 0.20000, 0.19895
13880, -25, 500, 0.20000, 0.19643
13881, -25, 500, 0.20000, 0.19787
13882, -25, 500, 0.20000, 0.19859
13883, -25, 500, 0.20000, 0.19643
13884, -25, 500, 0.20000, 0.19715
13885, -25, 500, 0.20000, 0.19643
13886, -25, 500, 0.20000, 0.19571
13887, -25, 500, 0.20000, 0.19499
13888, -25, 500, 0.20000, 0.19679
13889, -25, 500, 0.20000, 0.19859
13890, -25, 500, 0.20000, 0.19679
13891, -25, 500, 0.20000, 0.19895
13892, -25, 500, 0.20000, 0.19607
13893, -25, 500, 0.20000, 0.19607
13894, -25, 500, 0.20000, 0.19751
13895, -25, 500, 0.20000, 0.19715
13896, -25, 500, 0.20000, 0.19607
13897, -25, 500, 0.20000, 0.19284
13898, -25, 500, 0.20000, 0.19931
13899, -25, 500, 0.20000, 0.19859
13900, -25, 500, 0.20000, 0.19967
13901, -25, 500, 0.20000, 0.20362
13902, -25, 500, 0.20000, 0.19895
13903, -25, 500, 0.20000, 0.19931
13904, -25, 500, 0.20000, 0.20110
13905, -25, 500, 0.20000, 0.19967
13906, -25, 500, 0.20000, 0.20038
13907, -25, 500, 0.20000, 0.20002
13908, -25, 500, 0.20000, 0.20110
13909, -25, 500, 0.20000, 0.20002
13910, -25, 500, 0.20000, 0.20110
13911, -25, 500, 0.20000, 0.20506
13912, -25, 500, 0.20000, 0.20146
13913, -25, 500, 0.20000, 0.20038
13914, -25, 500, 0.20000, 0.20038
13915, -25, 500, 0.20000, 0.20038
13916, -25, 500, 0.20000, 0.20002
13917, -25, 500, 0.20000, 0.20002
13918, -25, 500, 0.20000, 0.20038
13919, -25, 500, 0.20000, 0.19931
13920, -25, 500, 0.20000, 0.19967
13921, -25, 500, 0.20000, 0.20002
13922, -25, 500, 0.20000, 0.20146
13923, -25, 500, 0.20000, 0.20038
13924, -25, 500, 0.20000, 0.19967
13925, -25, 500, 0.20000, 0.19931
13926, -25, 500, 0.20000, 0.19787
13927, -25, 500, 0.20000, 0.19931
13928, -25, 500, 0.20000, 0.20074
13929, -25, 500, 0.20000, 0.19895
13930, -25, 500, 0.20000, 0.19859
13931, -25, 500, 0.20000, 0.19859
13932, -25, 500, 0.20000, 0.20002
13933, -25, 500, 0.20000, 0.20470
13934, -25, 500, 0.20000, 0.19967
13935, -25, 500, 0.20000, 0.19859
13936, -25, 500, 0.20000, 0.20002
13937, -25, 500, 0.20000, 0.20074
13938, -25, 500, 0.20000, 0.18637
13939, -25, 500, 0.20000, 0.20182
13940, -25, 500, 0.20000, 0.19931
13941, -25, 500, 0.20000, 0.19895
13942, -25, 500, 0.20000, 0.19931
13943, -25, 500, 0.20000, 0.20002
13944, -25, 500, 0.20000, 0.19823
13945, -25, 500, 0.20000, 0.20002
13946, -25, 500, 0.20000, 0.20038
13947, -25, 500, 0.20000, 0.19967
13948, -25, 500, 0.20000, 0.19859
13949, -25, 500, 0.20000, 0.19823
13950, -25, 500, 0.20000, 0.20182
13951, -25, 500, 0.20000, 0.19859
13952, -25, 500, 0.20000, 0.20110
13953, -25, 500, 0.20000, 0.19643
13954, -25, 500, 0.20000, 0.19931
13955, -25, 500, 0.20000, 0.20002
13956, -25, 500, 0.20000, 0.20254
13957, -25, 500, 0.20000, 0.20002
13958, -25, 500, 0.20000, 0.19931
13959, -25, 500, 0.20000, 0.19895
13960, -25, 500, 0.20000, 0.19895
13961, -25, 500, 0.20000, 0.19967
13962, -25, 500, 0.20000, 0.19967
13963, -25, 500, 0.20000, 0.19787
13964, -25, 500, 0.20000, 0.19895
13965, -25, 500, 0.20000, 0.19931
13966, -25, 500, 0.20000, 0.19895
13967, -25, 500, 0.20000, 0.19859
13968, -25, 500, 0.20000, 0.19967
13969, -25, 500, 0.20000, 0.19967
13970, -25, 500, 0.20000, 0.20146
13971, -25, 500, 0.20000, 0.20038
13972, -25, 500, 0.20000, 0.19895
13973, -25, 500, 0.20000, 0.20002
13974, -25, 500, 0.20000, 0.20721
13975, -25, 500, 0.20000, 0.19967
13976, -25, 500, 0.20000, 0.19320
13977, -25, 500, 0.20000, 0.20038
13978, -25, 500, 0.20000, 0.20074
13979, -25, 500, 0.20000, 0.19895
13980, -25, 500, 0.20000, 0.20038
13981, -25, 500, 0.20000, 0.19751
13982, -25, 500, 0.20000, 0.19967
13983, -25, 500, 0.20000, 0.20038
13984, -25, 500, 0.20000, 0.19895
13985, -25, 500, 0.20000, 0.20002
13986, -25, 500, 0.20000, 0.20074
13987, -25, 500, 0.20000, 0.19931
13988, -25, 500, 0.20000, 0.19931
13989, -25, 500, 0.20000, 0.19823
13990, -25, 500, 0.20000, 0.20038
13991, -25, 500, 0.20000, 0.20002
13992, -25, 500, 0.20000, 0.20074
13993, -25, 500, 0.20000, 0.19787
13994, -25, 500, 0.20000, 0.19643
13995, -25, 500, 0.20000, 0.19967
13996, -25, 500, 0.20000, 0.19931
13997, -25, 500, 0.20000, 0.19967
13998, -25, 500, 0.20000, 0.20218
13999, -25, 500, 0.20000, 0.19355
14000, -25, 500, 0.20000, 0.19931
14001, -25, 500, 0.20000, 0.20254
14002, -25, 500, 0.20000, 0.19895
14003, -25, 500, 0.20000, 0.20218
14004, -25, 500, 0.20000, 0.19859
14005, -25, 500, 0.20000, 0.20002
14006, -25, 500, 0.20000, 0.19967
14007, -25, 500, 0.20000, 0.19895
14008, -25, 500, 0.20000, 0.20002
14009, -25, 500, 0.20000, 0.19931
14010, -25, 500, 0.20000, 0.20002
14011, -25, 500, 0.20000, 0.20002
14012, -25, 500, 0.20000, 0.20038
14013, -25, 500, 0.20000, 0.19823
14014, -25, 500, 0.20000, 0.19967
14015, -25, 500, 0.20000, 0.20038
14016, -25, 500, 0.20000, 0.20038
14017, -25, 500, 0.20000, 0.19967
14018, -25, 500, 0.20000, 0.20146
14019, -25, 500, 0.20000, 0.20578
14020, -25, 500, 0.20000, 0.20002
14021, -25, 500, 0.20000, 0.20002
14022, -25, 500, 0.20000, 0.20218
14023, -25, 500, 0.20000, 0.19895
14024, -25, 500, 0.20000, 0.20254
14025, -25, 500, 0.20000, 0.19859
14026, -25, 500, 0.20000, 0.20038
14027, -25, 500, 0.20000, 0.20578
14028, -25, 500, 0.20000, 0.20074
14029, -25, 500, 0.20000, 0.20002
14030, -25, 500, 0.20000, 0.19895
14031, -25, 500, 0.20000, 0.20470
14032, -25, 500, 0.20000, 0.20002
14033, -25, 500, 0.20000, 0.20146
14034, -25, 500, 0.20000, 0.20757
14035, -25, 500, 0.20000, 0.19895
14036, -25, 500, 0.20000, 0.20074
14037, -25, 500, 0.20000, 0.20110
14038, -25, 500, 0.20000, 0.19931
14039, -25, 500, 0.20000, 0.19967
14040, -25, 500, 0.20000, 0.19967
14041, -25, 500, 0.20000, 0.20038
14042, -25, 500, 0.20000, 0.20182
14043, -25, 500, 0.20000, 0.19967
14044, -25, 500, 0.20000, 0.20002
14045, -25, 500, 0.20000, 0.20146
14046, -25, 500, 0.20000, 0.20002
14047, -25, 500, 0.20000, 0.20038
14048, -25, 500, 0.20000, 0.20326
14049, -25, 500, 0.20000, 0.20002
14050, -25, 500, 0.20000, 0.19931
14051, -25, 500, 0.20000, 0.20002
14052, -25, 500, 0.20000, 0.19895
14053, -25, 500, 0.20000, 0.19967
14054, -25, 500, 0.20000, 0.19787
14055, -25, 500, 0.20000, 0.20038
14056, -25, 500, 0.20000, 0.19967
14057, -25, 500, 0.20000, 0.20182
14058, -25, 500, 0.20000, 0.20146
14059, -25, 500, 0.20000, 0.20002
14060, -25, 500, 0.20000, 0.19643
14061, -25, 500, 0.20000, 0.20326
14062, -25, 500, 0.20000, 0.19967
14063, -25, 500, 0.20000, 0.20038
14064, -25, 500, 0.20000, 0.19823
14065, -25, 500, 0.20000, 0.20074
14066, -25, 500, 0.20000, 0.20182
14067, -25, 500, 0.20000, 0.20002
14068, -25, 500, 0.20000, 0.20074
14069, -25, 500, 0.20000, 0.20110
14070, -25, 500, 0.20000, 0.19931
14071, -25, 500, 0.20000, 0.19967
14072, -25, 500, 0.20000, 0.20146
14073, -25, 500, 0.20000, 0.18960
14074, -25, 500, 0.20000, 0.19931
14075, -25, 500, 0.20000, 0.19967
14076, -25, 500, 0.20000, 0.20074
14077, -25, 500, 0.20000, 0.19967
14078, -25, 500, 0.20000, 0.19967
14079, -25, 500, 0.20000, 0.20002
14080, -25, 500, 0.20000, 0.20182
14081, -25, 500, 0.20000, 0.20002
14082, -25, 500, 0.20000, 0.20110
14083, -25, 500, 0.20000, 0.19895
14084, -25, 500, 0.20000, 0.20146
14085, -25, 500, 0.20000, 0.19715
14086, -25, 500, 0.20000, 0.20002
14087, -25, 500, 0.20000, 0.19967
14088, -25, 500, 0.20000, 0.20002
14089, -25, 500, 0.20000, 0.19859
14090, -25, 500, 0.20000, 0.19859
14091, -25, 500, 0.20000, 0.19931
14092, -25, 500, 0.20000, 0.20038
14093, -25, 500, 0.20000, 0.20038
14094, -25, 500, 0.20000, 0.20074
14095, -25, 500, 0.20000, 0.19859
14096, -25, 500, 0.20000, 0.19823
14097, -25, 500, 0.20000, 0.20506
14098, -25, 500, 0.20000, 0.20038
14099, -25, 500, 0.20000, 0.20110
14100, -25, 500, 0.20000, 0.20254
14101, -25, 500, 0.20000, 0.20002
14102, -25, 500, 0.20000, 0.19643
14103, -25, 500, 0.20000, 0.19967
14104, -25, 500, 0.20000, 0.20254
14105, -25, 500, 0.20000, 0.19967
14106, -25, 500, 0.20000, 0.20038
14107, -25, 500, 0.20000, 0.20074
14108, -25, 500, 0.20000, 0.19607
14109, -25, 500, 0.20000, 0.19787
14110, -25, 500, 0.20000, 0.20362
14111, -25, 500, 0.20000, 0.19931
14112, -25, 500, 0.20000, 0.20038
14113, -25, 500, 0.20000, 0.19967
14114, -25, 500, 0.20000, 0.20110
14115, -25, 500, 0.20000, 0.20146
14116, -25, 500, 0.20000, 0.20038
14117, -25, 500, 0.20000, 0.20002
14118, -25, 500, 0.20000, 0.20146
14119, -25, 500, 0.20000, 0.19895
14120, -25, 500, 0.20000, 0.19931
14121, -25, 500, 0.20000, 0.20074
14122, -25, 500, 0.20000, 0.20074
14123, -25, 500, 0.20000, 0.19967
14124, -25, 500, 0.20000, 0.19931
14125, -25, 500, 0.20000, 0.19967
14126, -25, 500, 0.20000, 0.20182
14127, -25, 500, 0.20000, 0.19967
14128, -25, 500, 0.20000, 0.19823
14129, -25, 500, 0.20000, 0.19931
14130, -25, 500, 0.20000, 0.20146
14131, -25, 500, 0.20000, 0.20038
14132, -25, 500, 0.20000, 0.20038
14133, -25, 500, 0.20000, 0.20002
14134, -25, 500, 0.20000, 0.19895
14135, -25, 500, 0.20000, 0.20074
14136, -25, 500, 0.20000, 0.19895
14137, -25, 500, 0.20000, 0.20002
14138, -25, 500, 0.20000, 0.20326
14139, -25, 500, 0.20000, 0.20002
14140, -25, 500, 0.20000, 0.19895
14141, -25, 500, 0.00000, 0.19967
14142, -25, 500, 0.00000, 0.20038
14143, -25, 500, 0.00000, 0.19571
14144, -25, 500, 0.00000, 0.18780
14145, -25, 500, 0.00000, 0.17882
14146, -25, 500, 0.00000, 0.16696
14147, -25, 500, 0.00000, 0.14898
14148, -25, 500, 0.00000, 0.13424
14149, -25, 500, 0.00000, 0.12095
14150, -25, 500, 0.00000, 0.10765
14151, -25, 500, 0.00000, 0.08967
14152, -25, 500, 0.00000, 0.08320
14153, -25, 500, 0.00000, 0.06739
14154, -25, 500, 0.00000, 0.04905
14155, -25, 500, 0.00000, 0.03575
14156, -25, 500, 0.00000, 0.02461
14157, -25, 500, 0.00000, 0.01383
14158, -25, 500, 0.00000, 0.00700
14159, -25, 500, 0.00000, -0.00091
14160, -25, 500, 0.00000, -0.00666
14161, -25, 500, 0.00000, -0.01313
14162, -25, 500, 0.00000, -0.01673
14163, -25, 500, 0.00000, -0.02140
14164, -25, 500, 0.00000, -0.02032
14165, -25, 500, 0.00000, -0.02104
14166, -25, 500, 0.00000, -0.02751
14167, -25, 500, 0.00000, -0.02284
14168, -25, 500, 0.00000, -0.01816
14169, -25, 500, 0.00000, -0.01888
14170, -25, 500, 0.00000, -0.01924
14171, -25, 500, 0.00000, -0.01852
14172, -25, 500, 0.00000, -0.01061
14173, -25, 500, 0.00000, -0.01169
14174, -25, 500, 0.00000, -0.00918
14175, -25, 500, 0.00000, -0.00630
14176, -25, 500, 0.00000, -0.00307
14177, -25, 500, 0.00000, -0.00271
14178, -25, 500, 0.00000, 0.00053
14179, -25, 500, 0.00000, -0.00199
14180, -25, 500, 0.00000, 0.00089
14181, -25, 500, 0.00000, 0.00269
14182, -25, 500, 0.00000, 0.00951
14183, -25, 500, 0.00000, 0.00161
14184, -25, 500, 0.00000, 0.00125
14185, -25, 500, 0.00000, 0.00520
14186, -25, 500, 0.00000, 0.00376
14187, -25, 500, 0.00000, 0.00233
14188, -25, 500, 0.00000, 0.00736
14189, -25, 500, 0.00000, 0.00161
14190, -25, 500, 0.00000, 0.00269
14191, -25, 500, 0.00000, 0.00233
14192, -25, 500, 0.00000, 0.00233
14193, -25, 500, 0.00000, 0.00233
14194, -25, 500, 0.00000, 0.00161
14195, -25, 500, 0.00000, -0.00019
14196, -25, 500, 0.00000, 0.00053
14197, -25, 500, 0.00000, 0.00017
14198, -25, 500, 0.00000, 0.00304
14199, -25, 500, 0.00000, -0.00055
14200, -25, 500, 0.00000, 0.00161
14201, -25, 500, 0.00000, 0.00664
14202, -25, 500, 0.00000, -0.00127
14203, -25, 500, 0.00000, -0.00055
14204, -25, 500, 0.00000, 0.00089
14205, -25, 500, 0.00000, -0.00019
14206, -25, 500, 0.00000, 0.00089
14207, -25, 500, 0.00000, 0.00233
14208, -25, 500, 0.00000, -0.00199
14209, -25, 500, 0.00000, -0.00127
14210, -25, 500, 0.00000, -0.00127
14211, -25, 500, 0.00000, -0.00127
14212, -25, 500, 0.00000, -0.00055
14213, -25, 500, 0.00000, -0.00019
14214, -25, 500, 0.00000, -0.00019
14215, -25, 500, 0.00000, -0.00163
14216, -25, 500, 0.00000, -0.00127
14217, -25, 500, 0.00000, 0.00053
14218, -25, 500, 0.00000, 0.00053
14219, -25, 500, 0.00000, -0.00127
14220, -25, 500, 0.00000, -0.00019
14221, -25, 500, 0.00000, -0.00343
14222, -25, 500, 0.00000, 0.00053
14223, -25, 500, 0.00000, 0.00053
14224, -25, 500, 0.00000, 0.00017
14225, -25, 500, 0.00000, -0.01529
14226, -25, 500, 0.00000, 0.00017
14227, -25, 500, 0.00000, -0.00019
14228, -25, 500, 0.00000, -0.00055
14229, -25, 500, 0.00000, -0.00127
14230, -25, 500, 0.00000, -0.00055
14231, -25, 500, 0.00000, -0.00019
14232, -25, 500, 0.00000, 0.00017
14233, -25, 500, 0.00000, 0.00197
14234, -25, 500, 0.00000, -0.00019
14235, -25, 500, 0.00000, -0.00055
14236, -25, 500, 0.00000, -0.00127
14237, -25, 500, 0.00000, -0.00055
14238, -25, 500, 0.00000, -0.00055
14239, -25, 500, 0.00000, 0.00017
14240, -25, 500, 0.00000, -0.00379
14241, -25, 500, 0.00000, 0.00233
14242, -25, 500, 0.00000, 0.00017
14243, -25, 500, 0.00000, -0.00235
14244, -25, 500, 0.00000, 0.00017
14245, -25, 500, 0.00000, -0.00019
14246, -25, 500, 0.00000, 0.00125
14247, -25, 500, 0.00000, -0.00019
14248, -25, 500, 0.00000, 0.00053
14249, -25, 500, 0.00000, -0.00019
14250, -25, 500, 0.00000, -0.00019
14251, -25, 500, 0.00000, -0.00127
14252, -25, 500, 0.00000, -0.00127
14253, -25, 500, 0.00000, 0.00161
14254, -25, 500, 0.00000, -0.00307
14255, -25, 500, 0.00000, -0.00127
14256, -25, 500, 0.00000, -0.00091
14257, -25, 500, 0.00000, 0.00736
14258, -25, 500, 0.00000, 0.00089
14259, -25, 500, 0.00000, -0.00055
14260, -25, 500, 0.00000, -0.00091
14261, -25, 500, 0.00000, -0.00055
14262, -25, 500, 0.00000, -0.00091
14263, -25, 500, 0.00000, -0.00019
14264, -25, 500, 0.00000, 0.00017
14265, -25, 500, 0.00000, -0.00271
14266, -25, 500, 0.00000, 0.00161
14267, -25, 500, 0.00000, 0.00017
14268, -25, 500, 0.00000, -0.00307
14269, -25, 500, 0.00000, 0.00556
14270, -25, 500, 0.00000, -0.00055
14271, -25, 500, 0.00000, -0.00055
14272, -25, 500, 0.00000, 0.00017
14273, -25, 500, 0.00000, -0.00055
14274, -25, 500, 0.00000, -0.00055
14275, -25, 500, 0.00000, -0.00055
14276, -25, 500, 0.00000, -0.00019
14277, -25, 500, 0.00000, -0.00055
14278, -25, 500, 0.00000, -0.00019
14279, -25, 500, 0.00000, 0.00017
14280, -25, 500, 0.00000, -0.00091
14281, -25, 500, 0.00000, -0.00127
14282, -25, 500, 0.00000, -0.00091
14283, -25, 500, 0.00000, -0.00055
14284, -25, 500, 0.00000, 0.00053
14285, -25, 500, 0.00000, -0.00055
14286, -25, 500, 0.00000, -0.00019
14287, -25, 500, 0.00000, -0.00055
14288, -25, 500, 0.00000, 0.00017
14289, -25, 500, 0.00000, -0.00019
14290, -25, 500, 0.00000, -0.00019
14291, -25, 500, 0.00000, -0.00019
14292, -25, 500, 0.00000, -0.00127
14293, -25, 500, 0.00000, -0.00055
14294, -25, 500, 0.00000, 0.00017
14295, -25, 500, 0.00000, 0.00197
14296, -25, 500, 0.00000, -0.00271
14297, -25, 500, 0.00000, 0.00053
14298, -25, 500, 0.00000, 0.00448
14299, -25, 500, 0.00000, 0.00053
14300, -25, 500, 0.00000, -0.00091
14301, -25, 500, 0.00000, -0.00235
14302, -25, 500, 0.00000, -0.00127
14303, -25, 500, 0.00000, -0.00127
14304, -25, 500, 0.00000, 0.00161
14305, -25, 500, 0.00000, -0.00019
14306, -25, 500, 0.00000, 0.00089
14307, -25, 500, 0.00000, 0.00089
14308, -25, 500, 0.00000, -0.00091
14309, -25, 500, 0.00000, -0.00307
14310, -25, 500, 0.00000, -0.00163
14311, -25, 500, 0.00000, -0.00055
14312, -25, 500, 0.00000, -0.00055
14313, -25, 500, 0.00000, 0.00017
14314, -25, 500, 0.00000, -0.00019
14315, -25, 500, 0.00000, 0.00053
14316, -25, 500, 0.00000, -0.00019
14317, -25, 500, 0.00000, -0.00127
14318, -25, 500, 0.00000, -0.00127
14319, -25, 500, 0.00000, 0.00053
14320, -25, 500, 0.00000, 0.00772
14321, -25, 500, 0.00000, -0.00450
14322, -25, 500, 0.00000, -0.00055
14323, -25, 500, 0.00000, 0.00125
14324, -25, 500, 0.00000, -0.00055
14325, -25, 500, 0.00000, -0.00163
14326, -25, 500, 0.00000, -0.00019
14327, -25, 500, 0.00000, 0.00304
14328, -25, 500, 0.00000, -0.00019
14329, -25, 500, 0.00000, -0.00163
14330, -25, 500, 0.00000, 0.00017
14331, -25, 500, 0.00000, 0.00017
14332, -25, 500, 0.00000, 0.00053
14333, -25, 500, 0.00000, 0.00053
14334, -25, 500, 0.00000, -0.00055
14335, -25, 500, 0.00000, 0.00017
14336, -25, 500, 0.00000, 0.00664
14337, -25, 500, 0.00000, -0.00091
14338, -25, 500, 0.00000, -0.00199
14339, -25, 500, 0.00000, -0.00055
14340, -25, 500, 0.00000, 0.00089
14341, -25, 500, 0.00000, -0.00055
14342, -25, 500, 0.00000, 0.00053
14343, -25, 500, 0.00000, -0.00019
14344, -25, 500, 0.00000, 0.00017
14345, -25, 500, 0.00000, -0.00091
14346, -25, 500, 0.00000, 0.00053
14347, -25, 500, 0.00000, 0.00161
14348, -25, 500, 0.00000, -0.00019
14349, -25, 500, 0.00000, 0.00125
14350, -25, 500, 0.00000, -0.00019
14351, -25, 500, 0.00000, 0.00053
14352, -25, 500, 0.00000, -0.00019
14353, -25, 500, 0.00000, 0.00161
14354, -25, 500, 0.00000, 0.00017
14355, -25, 500, 0.00000, -0.00163
14356, -25, 500, 0.00000, -0.00235
14357, -25, 500, 0.00000, 0.00017
14358, -25, 500, 0.00000, 0.00017
14359, -25, 500, 0.00000, -0.00019
14360, -25, 500, 0.00000, 0.00017
14361, -25, 500, 0.00000, -0.00163
14362, -25, 500, 0.00000, -0.00055
14363, -25, 500, 0.00000, -0.00091
14364, -25, 500, 0.00000, 0.00233
14365, -25, 500, 0.00000, 0.00053
14366, -25, 500, 0.00000, 0.00089
14367, -25, 500, 0.00000, -0.00019
14368, -25, 500, 0.00000, -0.00055
14369, -25, 500, 0.00000, 0.00053
14370, -25, 500, 0.00000, 0.00053
14371, -25, 500, 0.00000, -0.00450
14372, -25, 500, 0.00000, -0.00019
14373, -25, 500, 0.00000, -0.00055
14374, -25, 500, 0.00000, -0.00091
14375, -25, 500, 0.00000, 0.00053
14376, -25, 500, 0.00000, -0.00091
14377, -25, 500, 0.00000, 0.00125
14378, -25, 500, 0.00000, 0.00017
14379, -25, 500, 0.00000, 0.00017
14380, -25, 500, 0.00000, 0.00089
14381, -25, 500, 0.00000, -0.00055
14382, -25, 500, 0.00000, 0.00161
14383, -25, 500, 0.00000, 0.00484
14384, -25, 500, 0.00000, -0.00127
14385, -25, 500, 0.00000, -0.00055
14386, -25, 500, 0.00000, -0.00019
14387, -25, 500, 0.00000, 0.00017
14388, -25, 500, 0.00000, -0.00019
14389, -25, 500, 0.00000, -0.00055
14390, -25, 500, 0.00000, 0.00017
14391, -25, 500, 0.00000, 0.00089
14392, -25, 500, 0.00000, 0.00125
14393, -25, 500, 0.00000, -0.00199
14394, -25, 500, 0.00000, 0.00053
14395, -25, 500, 0.00000, -0.00091
14396, -25, 500, 0.00000, 0.00736
14397, -25, 500, 0.00000, -0.00019
14398, -25, 500, 0.00000, 0.00089
14399, -25, 500, 0.00000, 0.00017
14400, -25, 500, 0.00000, 0.00197
14401, -25, 500, 0.00000, 0.00089
14402, -25, 500, 0.00000, -0.00019
14403, -25, 500, 0.00000, 0.00376
14404, -25, 500, 0.00000, 0.00125
14405, -25, 500, 0.00000, -0.00019
14406, -25, 500, 0.00000, -0.00055
14407, -25, 500, 0.00000, 0.00197
14408, -25, 500, 0.00000, 0.00089
14409, -25, 500, 0.00000, -0.00019
14410, -25, 500, 0.00000, 0.00089
14411, -25, 500, 0.00000, -0.00486
14412, -25, 500, 0.00000, 0.00197
14413, -25, 500, 0.00000, -0.00091
14414, -25, 500, 0.00000, 0.00376
14415, -25, 500, 0.00000, 0.00053
14416, -25, 500, 0.00000, -0.00019
14417, -25, 500, 0.00000, -0.00055
14418, -25, 500, 0.00000, 0.00053
14419, -25, 500, 0.00000, 0.00736
14420, -25, 500, 0.00000, -0.00127
14421, -25, 500, 0.00000, -0.00414
14422, -25, 500, 0.00000, 0.00089
14423, -25, 500, 0.00000, -0.00019
14424, -25, 500, 0.00000, 0.00125
14425, -25, 500, 0.00000, 0.00017
14426, -25, 500, 0.00000, 0.00017
14427, -25, 500, 0.00000, -0.00846
14428, -25, 500, 0.00000, -0.00019
14429, -25, 500, 0.00000, 0.00017
14430, -25, 500, 0.00000, 0.00017
14431, -25, 500, 0.00000, 0.00017
14432, -25, 500, 0.20000, 0.00376
14433, -25, 500, 0.20000, -0.00163
14434, -25, 500, 0.20000, 0.00520
14435, -25, 500, 0.20000, 0.01059
14436, -25, 500, 0.20000, 0.02461
14437, -25, 500, 0.20000, 0.03360
14438, -25, 500, 0.20000, 0.04690
14439, -25, 500, 0.20000, 0.06523
14440, -25, 500, 0.20000, 0.07745
14441, -25, 500, 0.20000, 0.09255
14442, -25, 500, 0.20000, 0.10729
14443, -25, 500, 0.20000, 0.12634
14444, -25, 500, 0.20000, 0.14251
14445, -25, 500, 0.20000, 0.15617
14446, -25, 500, 0.20000, 0.16839
14447, -25, 500, 0.20000, 0.17846
14448, -25, 500, 0.20000, 0.19535
14449, -25, 500, 0.20000, 0.20002
14450, -25, 500, 0.20000, 0.20721
14451, -25, 500, 0.20000, 0.21261
14452, -25, 500, 0.20000, 0.21620
14453, -25, 500, 0.20000, 0.21836
14454, -25, 500, 0.20000, 0.22519
14455, -25, 500, 0.20000, 0.22411
14456, -25, 500, 0.20000, 0.22303
14457, -25, 500, 0.20000, 0.22339
14458, -25, 500, 0.20000, 0.22519
14459, -25, 500, 0.20000, 0.22195
14460, -25, 500, 0.20000, 0.21440
14461, -25, 500, 0.20000, 0.21656
14462, -25, 500, 0.20000, 0.21656
14463, -25, 500, 0.20000, 0.21440
14464, -25, 500, 0.20000, 0.21261
14465, -25, 500, 0.20000, 0.20685
14466, -25, 500, 0.20000, 0.20721
14467, -25, 500, 0.20000, 0.20614
14468, -25, 500, 0.20000, 0.19931
14469, -25, 500, 0.20000, 0.20326
14470, -25, 500, 0.20000, 0.19859
14471, -25, 500, 0.20000, 0.19967
14472, -25, 500, 0.20000, 0.19931
14473, -25, 500, 0.20000, 0.19715
14474, -25, 500, 0.20000, 0.19535
14475, -25, 500, 0.20000, 0.19643
14476, -25, 500, 0.20000, 0.19787
14477, -25, 500, 0.20000, 0.19643
14478, -25, 500, 0.20000, 0.19391
14479, -25, 500, 0.20000, 0.20398
14480, -25, 500, 0.20000, 0.19679
14481, -25, 500, 0.20000, 0.19715
14482, -25, 500, 0.20000, 0.19607
14483, -25, 500, 0.20000, 0.19751
14484, -25, 500, 0.20000, 0.19931
14485, -25, 500, 0.20000, 0.19751
14486, -25, 500, 0.20000, 0.19751
14487, -25, 500, 0.20000, 0.19823
14488, -25, 500, 0.20000, 0.19895
14489, -25, 500, 0.20000, 0.19751
14490, -25, 500, 0.20000, 0.19895
14491, -25, 500, 0.20000, 0.20038
14492, -25, 500, 0.20000, 0.20290
14493, -25, 500, 0.20000, 0.20074
14494, -25, 500, 0.20000, 0.19967
14495, -25, 500, 0.20000, 0.20074
14496, -25, 500, 0.20000, 0.20074
14497, -25, 500, 0.20000, 0.19931
14498, -25, 500, 0.20000, 0.20110
14499, -25, 500, 0.20000, 0.20002
14500, -25, 500, 0.20000, 0.20038
14501, -25, 500, 0.20000, 0.20038
14502, -25, 500, 0.20000, 0.19967
14503, -25, 500, 0.20000, 0.19931
14504, -25, 500, 0.20000, 0.20002
14505, -25, 500, 0.20000, 0.19967
14506, -25, 500, 0.20000, 0.20182
14507, -25, 500, 0.20000, 0.19967
14508, -25, 500, 0.20000, 0.20038
14509, -25, 500, 0.20000, 0.20038
14510, -25, 500, 0.20000, 0.20038
14511, -25, 500, 0.20000, 0.20074
14512, -25, 500, 0.20000, 0.19715
14513, -25, 500, 0.20000, 0.20110
14514, -25, 500, 0.20000, 0.20362
14515, -25, 500, 0.20000, 0.20038
14516, -25, 500, 0.20000, 0.19967
14517, -25, 500, 0.20000, 0.20002
14518, -25, 500, 0.20000, 0.20002
14519, -25, 500, 0.20000, 0.20038
14520, -25, 500, 0.20000, 0.19967
14521, -25, 500, 0.20000, 0.19895
14522, -25, 500, 0.20000, 0.20002
14523, -25, 500, 0.20000, 0.20110
14524, -25, 500, 0.20000, 0.20002
14525, -25, 500, 0.20000, 0.19967
14526, -25, 500, 0.20000, 0.20110
14527, -25, 500, 0.20000, 0.20002
14528, -25, 500, 0.20000, 0.20074
14529, -25, 500, 0.20000, 0.19895
14530, -25, 500, 0.20000, 0.19967
14531, -25, 500, 0.20000, 0.20002
14532, -25, 500, 0.20000, 0.19931
14533, -25, 500, 0.20000, 0.20182
14534, -25, 500, 0.20000, 0.19859
14535, -25, 500, 0.20000, 0.19967
14536, -25, 500, 0.20000, 0.20038
14537, -25, 500, 0.20000, 0.19931
14538, -25, 500, 0.20000, 0.19787
14539, -25, 500, 0.20000, 0.19787
14540, -25, 500, 0.20000, 0.19931
14541, -25, 500, 0.20000, 0.20074
14542, -25, 500, 0.20000, 0.19823
14543, -25, 500, 0.20000, 0.19895
14544, -25, 500, 0.20000, 0.20002
14545, -25, 500, 0.20000, 0.20002
14546, -25, 500, 0.20000, 0.19859
14547, -25, 500, 0.20000, 0.19895
14548, -25, 500, 0.20000, 0.20002
14549, -25, 500, 0.20000, 0.20578
14550, -25, 500, 0.20000, 0.20182
14551, -25, 500, 0.20000, 0.19967
14552, -25, 500, 0.20000, 0.19823
14553, -25, 500, 0.20000, 0.20002
14554, -25, 500, 0.20000, 0.19967
14555, -25, 500, 0.20000, 0.18996
14556, -25, 500, 0.20000, 0.19967
14557, -25, 500, 0.20000, 0.19931
14558, -25, 500, 0.20000, 0.19931
14559, -25, 500, 0.20000, 0.19967
14560, -25, 500, 0.20000, 0.19931
14561, -25, 500, 0.20000, 0.20074
14562, -25, 500, 0.20000, 0.19931
14563, -25, 500, 0.20000, 0.19931
14564, -25, 500, 0.20000, 0.19967
14565, -25, 500, 0.20000, 0.19931
14566, -25, 500, 0.20000, 0.19967
14567, -25, 500, 0.20000, 0.19967
14568, -25, 500, 0.20000, 0.19967
14569, -25, 500, 0.20000, 0.20038
14570, -25, 500, 0.20000, 0.20002
14571, -25, 500, 0.20000, 0.20074
14572, -25, 500, 0.20000, 0.20146
14573, -25, 500, 0.20000, 0.19967
14574, -25, 500, 0.20000, 0.20074
14575, -25, 500, 0.20000, 0.19931
14576, -25, 500, 0.20000, 0.20110
14577, -25, 500, 0.20000, 0.20326
14578, -25, 500, 0.20000, 0.19967
14579, -25, 500, 0.20000, 0.20074
14580, -25, 500, 0.20000, 0.20038
14581, -25, 500, 0.20000, 0.20002
14582, -25, 500, 0.20000, 0.19607
14583, -25, 500, 0.20000, 0.20038
14584, -25, 500, 0.20000, 0.19967
14585, -25, 500, 0.20000, 0.20002
14586, -25, 500, 0.20000, 0.19931
14587, -25, 500, 0.20000, 0.20110
14588, -25, 500, 0.20000, 0.20038
14589, -25, 500, 0.20000, 0.19967
14590, -25, 500, 0.20000, 0.20110
14591, -25, 500, 0.20000, 0.20038
14592, -25, 500, 0.20000, 0.20146
14593, -25, 500, 0.20000, 0.19967
14594, -25, 500, 0.20000, 0.20002
14595, -25, 500, 0.20000, 0.19895
14596, -25, 500, 0.20000, 0.20038
14597, -25, 500, 0.20000, 0.19967
14598, -25, 500, 0.20000, 0.19895
14599, -25, 500, 0.20000, 0.20290
14600, -25, 500, 0.20000, 0.19967
14601, -25, 500, 0.20000, 0.19931
14602, -25, 500, 0.20000, 0.19859
14603, -25, 500, 0.20000, 0.19895
14604, -25, 500, 0.20000, 0.20038
14605, -25, 500, 0.20000, 0.19787
14606, -25, 500, 0.20000, 0.20002
14607, -25, 500, 0.20000, 0.20038
14608, -25, 500, 0.20000, 0.19967
14609, -25, 500, 0.20000, 0.19859
14610, -25, 500, 0.20000, 0.19967
14611, -25, 500, 0.20000, 0.19931
14612, -25, 500, 0.20000, 0.19931
14613, -25, 500, 0.20000, 0.19895
14614, -25, 500, 0.20000, 0.19967
14615, -25, 500, 0.20000, 0.20002
14616, -25, 500, 0.20000, 0.19895
14617, -25, 500, 0.20000, 0.19895
14618, -25, 500, 0.20000, 0.20002
14619, -25, 500, 0.20000, 0.20074
14620, -25, 500, 0.20000, 0.20038
14621, -25, 500, 0.20000, 0.20074
14622, -25, 500, 0.20000, 0.20002
14623, -25, 500, 0.20000, 0.20074
14624, -25, 500, 0.20000, 0.20002
14625, -25, 500, 0.20000, 0.19931
14626, -25, 500, 0.20000, 0.20074
14627, -25, 500, 0.20000, 0.20074
14628, -25, 500, 0.20000, 0.20002
14629, -25, 500, 0.20000, 0.19895
14630, -25, 500, 0.20000, 0.19967
14631, -25, 500, 0.20000, 0.20038
14632, -25, 500, 0.20000, 0.19931
14633, -25, 500, 0.20000, 0.19823
14634, -25, 500, 0.20000, 0.19859
14635, -25, 500, 0.20000, 0.20182
14636, -25, 500, 0.20000, 0.20002
14637, -25, 500, 0.20000, 0.19967
14638, -25, 500, 0.20000, 0.19967
14639, -25, 500, 0.20000, 0.20002
14640, -25, 500, 0.20000, 0.20002
14641, -25, 500, 0.20000, 0.20038
14642, -25, 500, 0.20000, 0.20038
14643, -25, 500, 0.20000, 0.19320
14644, -25, 500, 0.20000, 0.20074
14645, -25, 500, 0.20000, 0.20038
14646, -25, 500, 0.20000, 0.19535
14647, -25, 500, 0.20000, 0.19895
14648, -25, 500, 0.20000, 0.19931
14649, -25, 500, 0.20000, 0.20326
14650, -25, 500, 0.20000, 0.19931
14651, -25, 500, 0.20000, 0.19895
14652, -25, 500, 0.20000, 0.19931
14653, -25, 500, 0.20000, 0.19895
14654, -25, 500, 0.20000, 0.20038
14655, -25, 500, 0.20000, 0.19823
14656, -25, 500, 0.20000, 0.19931
14657, -25, 500, 0.20000, 0.19967
14658, -25, 500, 0.20000, 0.20038
14659, -25, 500, 0.20000, 0.19967
14660, -25, 500, 0.20000, 0.20470
14661, -25, 500, 0.20000, 0.20038
14662, -25, 500, 0.20000, 0.20182
14663, -25, 500, 0.20000, 0.19931
14664, -25, 500, 0.20000, 0.20002
14665, -25, 500, 0.20000, 0.19967
14666, -25, 500, 0.20000, 0.20074
14667, -25, 500, 0.20000, 0.20074
14668, -25, 500, 0.20000, 0.20002
14669, -25, 500, 0.20000, 0.20038
14670, -25, 500, 0.20000, 0.19967
14671, -25, 500, 0.20000, 0.19751
14672, -25, 500, 0.20000, 0.20002
14673, -25, 500, 0.20000, 0.20002
14674, -25, 500, 0.20000, 0.19967
14675, -25, 500, 0.20000, 0.20038
14676, -25, 500, 0.20000, 0.20038
14677, -25, 500, 0.20000, 0.19931
14678, -25, 500, 0.20000, 0.19931
14679, -25, 500, 0.20000, 0.20002
14680, -25, 500, 0.20000, 0.20110
14681, -25, 500, 0.20000, 0.19967
14682, -25, 500, 0.20000, 0.19967
14683, -25, 500, 0.20000, 0.19859
14684, -25, 500, 0.20000, 0.20074
14685, -25, 500, 0.20000, 0.20110
14686, -25, 500, 0.20000, 0.19967
14687, -25, 500, 0.20000, 0.19859
14688, -25, 500, 0.20000, 0.19967
14689, -25, 500, 0.20000, 0.20038
14690, -25, 500, 0.20000, 0.19895
14691, -25, 500, 0.20000, 0.19967
14692, -25, 500, 0.20000, 0.19967
14693, -25, 500, 0.20000, 0.19967
14694, -25, 500, 0.20000, 0.20002
14695, -25, 500, 0.20000, 0.20038
14696, -25, 500, 0.20000, 0.19967
14697, -25, 500, 0.20000, 0.19967
14698, -25, 500, 0.20000, 0.19823
14699, -25, 500, 0.20000, 0.20002
14700, -25, 500, 0.20000, 0.19895
14701, -25, 500, 0.20000, 0.19967
14702, -25, 500, 0.20000, 0.20110
14703, -25, 500, 0.20000, 0.19967
14704, -25, 500, 0.20000, 0.20074
14705, -25, 500, 0.20000, 0.19931
14706, -25, 500, 0.20000, 0.20434
14707, -25, 500, 0.20000, 0.20110
14708, -25, 500, 0.20000, 0.19931
14709, -25, 500, 0.20000, 0.20110
14710, -25, 500, 0.20000, 0.20002
14711, -25, 500, 0.20000, 0.20002
14712, -25, 500, 0.00000, 0.20002
14713, -25, 500, 0.00000, 0.20254
14714, -25, 500, 0.00000, 0.19643
14715, -25, 500, 0.00000, 0.18780
14716, -25, 500, 0.00000, 0.17882
14717, -25, 500, 0.00000, 0.16408
14718, -25, 500, 0.00000, 0.14970
14719, -25, 500, 0.00000, 0.13424
14720, -25, 500, 0.00000, 0.11771
14721, -25, 500, 0.00000, 0.11268
14722, -25, 500, 0.00000, 0.08248
14723, -25, 500, 0.00000, 0.07350
14724, -25, 500, 0.00000, 0.05481
14725, -25, 500, 0.00000, 0.04402
14726, -25, 500, 0.00000, 0.01994
14727, -25, 500, 0.00000, 0.01670
14728, -25, 500, 0.00000, 0.00844
14729, -25, 500, 0.00000, -0.00127
14730, -25, 500, 0.00000, -0.01061
14731, -25, 500, 0.00000, -0.01385
14732, -25, 500, 0.00000, -0.01924
14733, -25, 500, 0.00000, -0.02248
14734, -25, 500, 0.00000, -0.02320
14735, -25, 500, 0.00000, -0.03003
14736, -25, 500, 0.00000, -0.02535
14737, -25, 500, 0.00000, -0.02140
14738, -25, 500, 0.00000, -0.02248
14739, -25, 500, 0.00000, -0.02176
14740, -25, 500, 0.00000, -0.01565
14741, -25, 500, 0.00000, -0.01493
14742, -25, 500, 0.00000, -0.01241
14743, -25, 500, 0.00000, -0.01313
14744, -25, 500, 0.00000, -0.01241
14745, -25, 500, 0.00000, -0.00738
14746, -25, 500, 0.00000, -0.00594
14747, -25, 500, 0.00000, -0.00522
14748, -25, 500, 0.00000, -0.00271
14749, -25, 500, 0.00000, -0.00163
14750, -25, 500, 0.00000, -0.00019
14751, -25, 500, 0.00000, 0.00053
14752, -25, 500, 0.00000, 0.00125
14753, -25, 500, 0.00000, 0.00125
14754, -25, 500, 0.00000, 0.00161
14755, -25, 500, 0.00000, 0.00269
14756, -25, 500, 0.00000, 0.00233
14757, -25, 500, 0.00000, 0.00269
14758, -25, 500, 0.00000, 0.00125
14759, -25, 500, 0.00000, 0.00269
14760, -25, 500, 0.00000, 0.00304
14761, -25, 500, 0.00000, 0.00197
14762, -25, 500, 0.00000, 0.00161
14763, -25, 500, 0.00000, -0.00091
14764, -25, 500, 0.00000, 0.00161
14765, -25, 500, 0.00000, 0.00125
14766, -25, 500, 0.00000, 0.00017
14767, -25, 500, 0.00000, 0.00017
14768, -25, 500, 0.00000, -0.00055
14769, -25, 500, 0.00000, 0.00053
14770, -25, 500, 0.00000, 0.00089
14771, -25, 500, 0.00000, 0.00017
14772, -25, 500, 0.00000, -0.00307
14773, -25, 500, 0.00000, -0.00091
14774, -25, 500, 0.00000, -0.00055
14775, -25, 500, 0.00000, -0.00019
14776, -25, 500, 0.00000, -0.00091
14777, -25, 500, 0.00000, -0.00055
14778, -25, 500, 0.00000, -0.00091
14779, -25, 500, 0.00000, -0.00127
14780, -25, 500, 0.00000, -0.00019
14781, -25, 500, 0.00000, -0.00019
14782, -25, 500, 0.00000, -0.00091
14783, -25, 500, 0.00000, -0.00163
14784, -25, 500, 0.00000, -0.00091
14785, -25, 500, 0.00000, -0.00127
14786, -25, 500, 0.00000, 0.00053
14787, -25, 500, 0.00000, -0.00055
14788, -25, 500, 0.00000, -0.00019
14789, -25, 500, 0.00000, -0.00019
14790, -25, 500, 0.00000, 0.00017
14791, -25, 500, 0.00000, 0.00017
14792, -25, 500, 0.00000, -0.00019
14793, -25, 500, 0.00000, -0.00091
14794, -25, 500, 0.00000, -0.00091
14795, -25, 500, 0.00000, -0.00055
14796, -25, 500, 0.00000, 0.00125
14797, -25, 500, 0.00000, -0.00127
14798, -25, 500, 0.00000, -0.00199
14799, -25, 500, 0.00000, -0.00235
14800, -25, 500, 0.00000, -0.00055
14801, -25, 500, 0.00000, 0.00053
14802, -25, 500, 0.00000, 0.00053
14803, -25, 500, 0.00000, 0.00053
14804, -25, 500, 0.00000, -0.00055
14805, -25, 500, 0.00000, -0.00055
14806, -25, 500, 0.00000, -0.00019
14807, -25, 500, 0.00000, -0.00163
14808, -25, 500, 0.00000, -0.00163
14809, -25, 500, 0.00000, -0.00055
14810, -25, 500, 0.00000, -0.00019
14811, -25, 500, 0.00000, -0.00055
14812, -25, 500, 0.00000, 0.00089
14813, -25, 500, 0.00000, -0.00019
14814, -25, 500, 0.00000, -0.00019
14815, -25, 500, 0.00000, -0.00019
14816, -25, 500, 0.00000, 0.00017
14817, -25, 500, 0.00000, 0.00125
14818, -25, 500, 0.00000, 0.00053
14819, -25, 500, 0.00000, -0.00019
14820, -25, 500, 0.00000, -0.00019
14821, -25, 500, 0.00000, -0.00055
14822, -25, 500, 0.00000, 0.00089
14823, -25, 500, 0.00000, 0.00089
14824, -25, 500, 0.00000, -0.00055
14825, -25, 500, 0.00000, -0.00055
14826, -25, 500, 0.00000, -0.00019
14827, -25, 500, 0.00000, 0.00053
14828, -25, 500, 0.00000, 0.00053
14829, -25, 500, 0.00000, 0.00089
14830, -25, 500, 0.00000, 0.00017
14831, -25, 500, 0.00000, -0.00019
14832, -25, 500, 0.00000, -0.00019
14833, -25, 500, 0.00000, -0.00019
14834, -25, 500, 0.00000, -0.00055
14835, -25, 500, 0.00000, 0.00017
14836, -25, 500, 0.00000, 0.00053
14837, -25, 500, 0.00000, -0.00091
14838, -25, 500, 0.00000, 0.00089
14839, -25, 500, 0.00000, -0.00091
14840, -25, 500, 0.00000, -0.00055
14841, -25, 500, 0.00000, 0.00304
14842, -25, 500, 0.00000, -0.00055
14843, -25, 500, 0.00000, -0.00019
14844, -25, 500, 0.00000, -0.00091
14845, -25, 500, 0.00000, -0.00055
14846, -25, 500, 0.00000, 0.00197
14847, -25, 500, 0.00000, 0.00017
14848, -25, 500, 0.00000, 0.00089
14849, -25, 500, 0.00000, -0.00055
14850, -25, 500, 0.00000, 0.00089
14851, -25, 500, 0.00000, 0.00412
14852, -25, 500, 0.00000, 0.00053
14853, -25, 500, 0.00000, 0.00017
14854, -25, 500, 0.00000, 0.00017
14855, -25, 500, 0.00000, -0.00019
14856, -25, 500, 0.00000, 0.00017
14857, -25, 500, 0.00000, 0.00017
14858, -25, 500, 0.00000, 0.00053
14859, -25, 500, 0.00000, 0.00125
14860, -25, 500, 0.00000, 0.00448
14861, -25, 500, 0.00000, -0.00163
14862, -25, 500, 0.00000, 0.00197
14863, -25, 500, 0.00000, -0.00091
14864, -25, 500, 0.00000, -0.00019
14865, -25, 500, 0.00000, -0.00019
14866, -25, 500, 0.00000, 0.00017
14867, -25, 500, 0.00000, 0.00017
14868, -25, 500, 0.00000, 0.00053
14869, -25, 500, 0.00000, -0.00019
14870, -25, 500, 0.00000, -0.00019
14871, -25, 500, 0.00000, -0.00055
14872, -25, 500, 0.00000, 0.00089
14873, -25, 500, 0.00000, -0.00271
14874, -25, 500, 0.00000, 0.00017
14875, -25, 500, 0.00000, 0.00233
14876, -25, 500, 0.00000, 0.00197
14877, -25, 500, 0.00000, 0.00089
14878, -25, 500, 0.00000, 0.00053
14879, -25, 500, 0.00000, 0.00125
14880, -25, 500, 0.00000, -0.00019
14881, -25, 500, 0.00000, -0.00091
14882, -25, 500, 0.00000, 0.00017
14883, -25, 500, 0.00000, -0.00019
14884, -25, 500, 0.00000, 0.00125
14885, -25, 500, 0.00000, -0.00163
14886, -25, 500, 0.00000, -0.00019
14887, -25, 500, 0.00000, -0.00163
14888, -25, 500, 0.00000, 0.00017
14889, -25, 500, 0.00000, 0.00017
14890, -25, 500, 0.00000, -0.00091
14891, -25, 500, 0.00000, -0.00019
14892, -25, 500, 0.00000, 0.00053
14893, -25, 500, 0.00000, 0.00089
14894, -25, 500, 0.00000, -0.00019
14895, -25, 500, 0.00000, -0.00091
14896, -25, 500, 0.00000, 0.00017
14897, -25, 500, 0.00000, 0.00053
14898, -25, 500, 0.00000, -0.00055
14899, -25, 500, 0.00000, 0.00017
14900, -25, 500, 0.00000, 0.00089
14901, -25, 500, 0.00000, 0.00053
14902, -25, 500, 0.00000, -0.00343
14903, -25, 500, 0.00000, -0.00127
14904, -25, 500, 0.00000, 0.00125
14905, -25, 500, 0.00000, 0.00053
14906, -25, 500, 0.00000, -0.00127
14907, -25, 500, 0.00000, 0.00017
14908, -25, 500, 0.00000, 0.00017
14909, -25, 500, 0.00000, -0.00774
14910, -25, 500, 0.00000, 0.00053
14911, -25, 500, 0.00000, -0.00055
14912, -25, 500, 0.00000, -0.00055
14913, -25, 500, 0.00000, 0.00053
14914, -25, 500, 0.00000, -0.00091
14915, -25, 500, 0.00000, -0.00019
14916, -25, 500, 0.00000, -0.00019
14917, -25, 500, 0.00000, -0.00019
14918, -25, 500, 0.00000, -0.00055
14919, -25, 500, 0.00000, -0.00019
14920, -25, 500, 0.00000, -0.00163
14921, -25, 500, 0.00000, 0.00017
14922, -25, 500, 0.00000, 0.00017
14923, -25, 500, 0.00000, 0.00017
14924, -25, 500, 0.00000, 0.00053
14925, -25, 500, 0.00000, 0.00017
14926, -25, 500, 0.00000, -0.00055
14927, -25, 500, 0.00000, -0.00019
14928, -25, 500, 0.00000, -0.00055
14929, -25, 500, 0.00000, -0.00091
14930, -25, 500, 0.00000, 0.00017
14931, -25, 500, 0.00000, 0.00017
14932, -25, 500, 0.00000, -0.00091
14933, -25, 500, 0.00000, 0.00053
14934, -25, 500, 0.00000, -0.00019
14935, -25, 500, 0.00000, -0.00055
14936, -25, 500, 0.00000, 0.00017
14937, -25, 500, 0.00000, 0.00053
14938, -25, 500, 0.00000, 0.00017
14939, -25, 500, 0.00000, -0.00019
14940, -25, 500, 0.00000, -0.00055
14941, -25, 500, 0.00000, 0.00053
14942, -25, 500, 0.00000, -0.00019
14943, -25, 500, 0.00000, 0.00017
14944, -25, 500, 0.00000, 0.00520
14945, -25, 500, 0.00000, -0.00163
14946, -25, 500, 0.00000, 0.00017
14947, -25, 500, 0.00000, 0.00089
14948, -25, 500, 0.00000, 0.00017
14949, -25, 500, 0.00000, -0.00055
14950, -25, 500, 0.00000, -0.00019
14951, -25, 500, 0.00000, 0.00053
14952, -25, 500, 0.00000, -0.00019
14953, -25, 500, 0.00000, -0.00127
14954, -25, 500, 0.00000, 0.00017
14955, -25, 500, 0.00000, -0.00091
14956, -25, 500, 0.00000, 0.00053
14957, -25, 500, 0.00000, -0.00019
14958, -25, 500, 0.00000, 0.00089
14959, -25, 500, 0.00000, -0.00019
14960, -25, 500, 0.00000, 0.00017
14961, -25, 500, 0.00000, 0.00053
14962, -25, 500, 0.00000, -0.00450
14963, -25, 500, 0.00000, -0.00163
14964, -25, 500, 0.00000, 0.00017
14965, -25, 500, 0.00000, 0.00017
14966, -25, 500, 0.00000, 0.00125
14967, -25, 500, 0.00000, -0.00019
14968, -25, 500, 0.00000, -0.00091
14969, -25, 500, 0.00000, -0.00055
14970, -25, 500, 0.00000, -0.00055
14971, -25, 500, 0.00000, 0.00376
14972, -25, 500, 0.00000, -0.00019
14973, -25, 500, 0.00000, -0.00055
14974, -25, 500, 0.00000, -0.00019
14975, -25, 500, 0.00000, -0.00091
14976, -25, 500, 0.00000, -0.00055
14977, -25, 500, 0.00000, -0.00019
14978, -25, 500, 0.00000, 0.00017
14979, -25, 500, 0.00000, -0.00091
14980, -25, 500, 0.00000, -0.00019
14981, -25, 500, 0.00000, 0.00017
14982, -25, 500, 0.00000, -0.00055
14983, -25, 500, 0.00000, 0.00017
14984, -25, 500, 0.00000, -0.00127
14985, -25, 500, 0.00000, 0.00017
14986, -25, 500, 0.00000, 0.00017
14987, -25, 500, 0.00000, -0.00271
14988, -25, 500, 0.00000, 0.00017
14989, -25, 500, 0.00000, -0.00019
14990, -25, 500, 0.00000, -0.00091
14991, -25, 500, 0.00000, 0.00520
14992, -25, 500, 0.00000, -0.00055
14993, -25, 500, 0.00000, 0.00017
14994, -25, 500, 0.00000, -0.00091
14995, -25, 500, 0.00000, -0.00019
14996, -25, 500, 0.00000, 0.00017
14997, -25, 500, 0.00000, 0.00017
14998, -25, 500, 0.20000, -0.00055
14999, -25, 500, 0.20000, -0.00055
15000, -25, 500, 0.20000, 0.00376
15001, -25, 500, 0.20000, 0.01347
15002, -25, 500, 0.20000, 0.02533
15003, -25, 500, 0.20000, 0.03396
15004, -25, 500, 0.20000, 0.05229
15005, -25, 500, 0.20000, 0.06703
15006, -25, 500, 0.20000, 0.08248
15007, -25, 500, 0.20000, 0.09830
15008, -25, 500, 0.20000, 0.11915
15009, -25, 500, 0.20000, 0.14107
15010, -25, 500, 0.20000, 0.16228
15011, -25, 500, 0.20000, 0.17271
15012, -25, 500, 0.20000, 0.18421
15013, -25, 500, 0.20000, 0.19320
15014, -25, 500, 0.20000, 0.20290
15015, -25, 500, 0.20000, 0.21476
15016, -25, 500, 0.20000, 0.21979
15017, -25, 500, 0.20000, 0.22123
15018, -25, 500, 0.20000, 0.22375
15019, -25, 500, 0.20000, 0.22519
15020, -25, 500, 0.20000, 0.22483
15021, -25, 500, 0.20000, 0.22555
15022, -25, 500, 0.20000, 0.22339
15023, -25, 500, 0.20000, 0.21800
15024, -25, 500, 0.20000, 0.22123
15025, -25, 500, 0.20000, 0.21800
15026, -25, 500, 0.20000, 0.21117
15027, -25, 500, 0.20000, 0.21261
15028, -25, 500, 0.20000, 0.21081
15029, -25, 500, 0.20000, 0.20865
15030, -25, 500, 0.20000, 0.20470
15031, -25, 500, 0.20000, 0.20578
15032, -25, 500, 0.20000, 0.20398
15033, -25, 500, 0.20000, 0.20146
15034, -25, 500, 0.20000, 0.19212
15035, -25, 500, 0.20000, 0.19967
15036, -25, 500, 0.20000, 0.20146
15037, -25, 500, 0.20000, 0.19823
15038, -25, 500, 0.20000, 0.19895
15039, -25, 500, 0.20000, 0.19679
15040, -25, 500, 0.20000, 0.19715
15041, -25, 500, 0.20000, 0.19679
15042, -25, 500, 0.20000, 0.20038
15043, -25, 500, 0.20000, 0.19715
15044, -25, 500, 0.20000, 0.19607
15045, -25, 500, 0.20000, 0.19571
15046, -25, 500, 0.20000, 0.19823
15047, -25, 500, 0.20000, 0.19787
15048, -25, 500, 0.20000, 0.19787
15049, -25, 500, 0.20000, 0.19787
15050, -25, 500, 0.20000, 0.19823
15051, -25, 500, 0.20000, 0.19715
15052, -25, 500, 0.20000, 0.19859
15053, -25, 500, 0.20000, 0.19967
15054, -25, 500, 0.20000, 0.20002
15055, -25, 500, 0.20000, 0.20002
15056, -25, 500, 0.20000, 0.19967
15057, -25, 500, 0.20000, 0.20074
15058, -25, 500, 0.20000, 0.20038
15059, -25, 500, 0.20000, 0.20002
15060, -25, 500, 0.20000, 0.20038
15061, -25, 500, 0.20000, 0.20002
15062, -25, 500, 0.20000, 0.20038
15063, -25, 500, 0.20000, 0.20002
15064, -25, 500, 0.20000, 0.20038
15065, -25, 500, 0.20000, 0.19284
15066, -25, 500, 0.20000, 0.20146
15067, -25, 500, 0.20000, 0.20002
15068, -25, 500, 0.20000, 0.20182
15069, -25, 500, 0.20000, 0.20038
15070, -25, 500, 0.20000, 0.19967
15071, -25, 500, 0.20000, 0.20038
15072, -25, 500, 0.20000, 0.20074
15073, -25, 500, 0.20000, 0.20038
15074, -25, 500, 0.20000, 0.20110
15075, -25, 500, 0.20000, 0.20218
15076, -25, 500, 0.20000, 0.19967
15077, -25, 500, 0.20000, 0.20074
15078, -25, 500, 0.20000, 0.19391
15079, -25, 500, 0.20000, 0.19931
15080, -25, 500, 0.20000, 0.19859
15081, -25, 500, 0.20000, 0.20038
15082, -25, 500, 0.20000, 0.19931
15083, -25, 500, 0.20000, 0.20002
15084, -25, 500, 0.20000, 0.20074
15085, -25, 500, 0.20000, 0.20038
15086, -25, 500, 0.20000, 0.19967
15087, -25, 500, 0.20000, 0.19967
15088, -25, 500, 0.20000, 0.19931
15089, -25, 500, 0.20000, 0.19967
15090, -25, 500, 0.20000, 0.20074
15091, -25, 500, 0.20000, 0.20254
15092, -25, 500, 0.20000, 0.20002
15093, -25, 500, 0.20000, 0.20002
15094, -25, 500, 0.20000, 0.19931
15095, -25, 500, 0.20000, 0.19967
15096, -25, 500, 0.20000, 0.19931
15097, -25, 500, 0.20000, 0.20038
15098, -25, 500, 0.20000, 0.20002
15099, -25, 500, 0.20000, 0.19967
15100, -25, 500, 0.20000, 0.20038
15101, -25, 500, 0.20000, 0.20290
15102, -25, 500, 0.20000, 0.19967
15103, -25, 500, 0.20000, 0.20146
15104, -25, 500, 0.20000, 0.19895
15105, -25, 500, 0.20000, 0.19895
15106, -25, 500, 0.20000, 0.20110
15107, -25, 500, 0.20000, 0.19967
15108, -25, 500, 0.20000, 0.20038
15109, -25, 500, 0.20000, 0.20074
15110, -25, 500, 0.20000, 0.19967
15111, -25, 500, 0.20000, 0.19967
15112, -25, 500, 0.20000, 0.20002
15113, -25, 500, 0.20000, 0.20398
15114, -25, 500, 0.20000, 0.20506
15115, -25, 500, 0.20000, 0.19751
15116, -25, 500, 0.20000, 0.20002
15117, -25, 500, 0.20000, 0.20398
15118, -25, 500, 0.20000, 0.20290
15119, -25, 500, 0.20000, 0.19931
15120, -25, 500, 0.20000, 0.19823
15121, -25, 500, 0.20000, 0.20074
15122, -25, 500, 0.20000, 0.19967
15123, -25, 500, 0.20000, 0.20002
15124, -25, 500, 0.20000, 0.20038
15125, -25, 500, 0.20000, 0.199