1.747296, -29, 500, 0.20000, 0.20002
2564, 1.751213, -29, 500, 0.20000, 0.20038
2565, 1.755368, -29, 500, 0.20000, 0.20074
2566, 1.759646, -29, 500, 0.20000, 0.19967
2567, 1.763477, -29, 500, 0.20000, 0.20182
2568, 1.768155, -29, 500, 0.20000, 0.20002
2569, 1.772761, -29, 500, 0.20000, 0.20110
2570, 1.777147, -29, 500, 0.20000, 0.19967
2571, 1.781135, -29, 500, 0.20000, 0.20254
2572, 1.784900, -29, 500, 0.20000, 0.20074
2573, 1.788952, -29, 500, 0.20000, 0.19931
2574, 1.793383, -29, 500, 0.20000, 0.19931
2575, 1.797230, -29, 500, 0.20000, 0.19967
2576, 1.801675, -29, 500, 0.20000, 0.19895
2577, 1.805887, -29, 500, 0.20000, 0.20002
2578, 1.810631, -29, 500, 0.20000, 0.19967
2579, 1.815295, -29, 500, 0.20000, 0.20002
2580, 1.819747, -29, 500, 0.20000, 0.20002
2581, 1.824169, -29, 500, 0.20000, 0.19967
2582, 1.828640, -29, 500, 0.20000, 0.19967
2583, 1.832961, -29, 500, 0.20000, 0.20110
2584, 1.837153, -29, 500, 0.20000, 0.19895
2585, 1.840951, -29, 500, 0.20000, 0.19751
2586, 1.845402, -29, 500, 0.20000, 0.20038
2587, 1.850639, -29, 500, 0.20000, 0.20002
2588, 1.855472, -29, 500, 0.20000, 0.19931
2589, 1.860395, -29, 500, 0.20000, 0.20038
2590, 1.865269, -29, 500, 0.20000, 0.20074
2591, 1.870411, -29, 500, 0.20000, 0.20146
2592, 1.875336, -29, 500, 0.20000, 0.19967
2593, 1.880429, -29, 500, 0.20000, 0.19967
2594, 1.885421, -29, 500, 0.20000, 0.19967
2595, 1.890294, -29, 500, 0.20000, 0.20002
2596, 1.895407, -29, 500, 0.20000, 0.19967
2597, 1.900890, -29, 500, 0.20000, 0.19967
2598, 1.905373, -29, 500, 0.20000, 0.20218
2599, 1.909369, -29, 500, 0.20000, 0.20326
2600, 1.913652, -29, 500, 0.20000, 0.20038
2601, 1.918304, -29, 500, 0.20000, 0.20002
2602, 1.923664, -29, 500, 0.20000, 0.19895
2603, 1.928709, -29, 500, 0.20000, 0.20182
2604, 1.933796, -29, 500, 0.20000, 0.20074
2605, 1.938973, -29, 500, 0.20000, 0.20038
2606, 1.943770, -29, 500, 0.20000, 0.20002
2607, 1.947959, -29, 500, 0.20000, 0.19823
2608, 1.952958, -29, 500, 0.20000, 0.20218
2609, 1.958184, -29, 500, 0.20000, 0.19967
2610, 1.963770, -29, 500, 0.20000, 0.20002
2611, 1.968485, -29, 500, 0.20000, 0.19931
2612, 1.973409, -29, 500, 0.20000, 0.19967
2613, 1.978887, -29, 500, 0.20000, 0.19931
2614, 1.984646, -29, 500, 0.20000, 0.20038
2615, 1.990155, -29, 500, 0.20000, 0.20434
2616, 1.995713, -29, 500, 0.20000, 0.19859
2617, 2.001256, -29, 500, 0.20000, 0.19967
2618, 2.005156, -29, 500, 0.00000, 0.20038
2619, 2.009636, -29, 500, 0.00000, 0.19895
2620, 2.013655, -29, 500, 0.00000, 0.18673
2621, 2.017451, -29, 500, 0.00000, 0.17378
2622, 2.021658, -29, 500, 0.00000, 0.15401
2623, 2.025631, -29, 500, 0.00000, 0.13137
2624, 2.029428, -29, 500, 0.00000, 0.11268
2625, 2.033441, -29, 500, 0.00000, 0.08895
2626, 2.037439, -29, 500, 0.00000, 0.06847
2627, 2.041637, -29, 500, 0.00000, 0.04474
2628, 2.046311, -29, 500, 0.00000, 0.02389
2629, 2.051986, -29, 500, 0.00000, 0.00448
2630, 2.056232, -29, 500, 0.00000, -0.00810
2631, 2.060468, -29, 500, 0.00000, -0.01744
2632, 2.065398, -29, 500, 0.00000, -0.02463
2633, 2.070247, -29, 500, 0.00000, -0.02931
2634, 2.074813, -29, 500, 0.00000, -0.02499
2635, 2.079892, -29, 500, 0.00000, -0.02931
2636, 2.085223, -29, 500, 0.00000, -0.02967
2637, 2.089385, -29, 500, 0.00000, -0.02391
2638, 2.094468, -29, 500, 0.00000, -0.01996
2639, 2.100186, -29, 500, 0.00000, -0.01349
2640, 2.105722, -29, 500, 0.00000, -0.00810
2641, 2.111288, -29, 500, 0.00000, -0.00486
2642, 2.114949, -29, 500, 0.00000, -0.00343
2643, 2.119171, -29, 500, 0.00000, -0.00091
2644, 2.124646, -29, 500, 0.00000, 0.00125
2645, 2.128950, -29, 500, 0.00000, 0.00340
2646, 2.133408, -29, 500, 0.00000, 0.00376
2647, 2.137676, -29, 500, 0.00000, 0.00448
2648, 2.141274, -29, 500, 0.00000, -0.00558
2649, 2.145203, -29, 500, 0.00000, 0.00304
2650, 2.149151, -29, 500, 0.00000, 0.00304
2651, 2.152965, -29, 500, 0.00000, 0.00340
2652, 2.157158, -29, 500, 0.00000, 0.00628
2653, 2.161654, -29, 500, 0.00000, -0.00558
2654, 2.165761, -29, 500, 0.00000, 0.00520
2655, 2.169772, -29, 500, 0.00000, 0.00197
2656, 2.174184, -29, 500, 0.00000, 0.00089
2657, 2.178969, -29, 500, 0.00000, -0.00055
2658, 2.184469, -29, 500, 0.00000, 0.00053
2659, 2.189469, -29, 500, 0.00000, -0.00055
2660, 2.194747, -29, 500, 0.00000, -0.00127
2661, 2.200156, -29, 500, 0.00000, -0.00127
2662, 2.205340, -29, 500, 0.00000, -0.00091
2663, 2.210761, -29, 500, 0.00000, -0.01349
2664, 2.214962, -29, 500, 0.00000, -0.00163
2665, 2.219887, -29, 500, 0.00000, -0.00127
2666, 2.226184, -29, 500, 0.00000, -0.00199
2667, 2.231742, -29, 500, 0.00000, -0.00091
2668, 2.237429, -29, 500, 0.00000, -0.00127
2669, 2.243238, -29, 500, 0.00000, -0.00019
2670, 2.249135, -29, 500, 0.00000, 0.00233
2671, 2.253681, -29, 500, 0.00000, 0.00017
2672, 2.257643, -29, 500, 0.00000, -0.00127
2673, 2.262263, -29, 500, 0.00000, 0.00017
2674, 2.268143, -29, 500, 0.00000, 0.00017
2675, 2.272430, -29, 500, 0.00000, 0.00125
2676, 2.276649, -29, 500, 0.00000, -0.00055
2677, 2.280888, -29, 500, 0.00000, 0.00448
2678, 2.286233, -29, 500, 0.00000, -0.00055
2679, 2.291681, -29, 500, 0.00000, -0.00235
2680, 2.297492, -29, 500, 0.00000, 0.00017
2681, 2.303273, -29, 500, 0.00000, -0.00055
2682, 2.307634, -29, 500, 0.00000, -0.00055
2683, 2.311712, -29, 500, 0.00000, 0.00053
2684, 2.317623, -29, 500, 0.00000, 0.00053
2685, 2.323138, -29, 500, 0.00000, 0.00053
2686, 2.328887, -29, 500, 0.00000, -0.00055
2687, 2.333256, -29, 500, 0.00000, -0.00019
2688, 2.337633, -29, 500, 0.00000, -0.00235
2689, 2.342685, -29, 500, 0.00000, 0.00017
2690, 2.348177, -29, 500, 0.00000, 0.00053
2691, 2.353341, -29, 500, 0.00000, 0.00017
2692, 2.358304, -29, 500, 0.00000, 0.00017
2693, 2.363347, -29, 500, 0.00000, 0.00017
2694, 2.368156, -29, 500, 0.00000, 0.00017
2695, 2.372276, -29, 500, 0.00000, 0.00017
2696, 2.376963, -29, 500, 0.00000, 0.00017
2697, 2.382700, -29, 500, 0.00000, 0.00017
2698, 2.386888, -29, 500, 0.00000, 0.00017
2699, 2.390969, -29, 500, 0.00000, 0.00053
2700, 2.395708, -29, 500, 0.00000, -0.00127
2701, 2.401137, -29, 500, 0.00000, -0.00055
2702, 2.405710, -29, 500, 0.00000, 0.00017
2703, 2.410887, -29, 500, 0.00000, -0.00019
2704, 2.415892, -29, 500, 0.00000, -0.00019
2705, 2.419950, -29, 500, 0.00000, -0.00918
2706, 2.424726, -29, 500, 0.00000, -0.00019
2707, 2.430388, -29, 500, 0.00000, -0.00235
2708, 2.435627, -29, 500, 0.00000, 0.00053
2709, 2.440902, -29, 500, 0.00000, -0.00019
2710, 2.445152, -29, 500, 0.00000, -0.00055
2711, 2.449627, -29, 500, 0.00000, 0.00017
2712, 2.453443, -29, 500, 0.00000, 0.00017
2713, 2.457707, -29, 500, 0.00000, -0.00019
2714, 2.461698, -29, 500, 0.00000, 0.00017
2715, 2.466151, -29, 500, 0.00000, 0.00125
2716, 2.470153, -29, 500, 0.00000, 0.00125
2717, 2.473748, -29, 500, 0.00000, 0.00053
2718, 2.477407, -29, 500, 0.00000, 0.00161
2719, 2.481475, -29, 500, 0.00000, -0.00055
2720, 2.485700, -29, 500, 0.00000, -0.00019
2721, 2.489440, -29, 500, 0.00000, -0.00019
2722, 2.493279, -29, 500, 0.00000, -0.00127
2723, 2.497135, -29, 500, 0.00000, 0.00161
2724, 2.500696, -29, 500, 0.00000, 0.00017
2725, 2.505258, -29, 500, 0.00000, 0.00053
2726, 2.510403, -29, 500, 0.00000, 0.00089
2727, 2.514402, -29, 500, 0.00000, -0.00055
2728, 2.518462, -29, 500, 0.00000, 0.00125
2729, 2.522650, -29, 500, 0.00000, -0.00019
2730, 2.526411, -29, 500, 0.00000, 0.00017
2731, 2.530659, -29, 500, 0.00000, 0.00197
2732, 2.535714, -29, 500, 0.00000, -0.00127
2733, 2.541707, -29, 500, 0.00000, -0.00019
2734, 2.547402, -29, 500, 0.00000, -0.00019
2735, 2.551888, -29, 500, 0.00000, 0.00017
2736, 2.555732, -29, 500, 0.00000, -0.00055
2737, 2.559680, -29, 500, 0.00000, -0.00019
2738, 2.563412, -29, 500, 0.00000, -0.00019
2739, 2.567394, -29, 500, 0.00000, 0.00161
2740, 2.571646, -29, 500, 0.00000, 0.00017
2741, 2.575403, -29, 500, 0.00000, 0.00412
2742, 2.579634, -29, 500, 0.00000, -0.00019
2743, 2.583457, -29, 500, 0.00000, -0.00163
2744, 2.587631, -29, 500, 0.00000, 0.00089
2745, 2.591470, -29, 500, 0.00000, 0.00053
2746, 2.595446, -29, 500, 0.00000, -0.00019
2747, 2.600141, -29, 500, 0.00000, 0.00017
2748, 2.605357, -29, 500, 0.00000, 0.00089
2749, 2.611228, -29, 500, 0.00000, -0.00019
2750, 2.616381, -29, 500, 0.00000, -0.00163
2751, 2.620640, -29, 500, 0.00000, -0.00055
2752, 2.624696, -29, 500, 0.00000, 0.00017
2753, 2.628444, -29, 500, 0.00000, 0.00089
2754, 2.632364, -29, 500, 0.00000, -0.00127
2755, 2.636632, -29, 500, 0.00000, 0.00197
2756, 2.640967, -29, 500, 0.00000, -0.00055
2757, 2.645667, -29, 500, 0.00000, 0.00017
2758, 2.651153, -29, 500, 0.00000, 0.00269
2759, 2.656696, -29, 500, 0.00000, -0.00055
2760, 2.661658, -29, 500, 0.00000, 0.00053
2761, 2.665360, -29, 500, 0.00000, 0.00089
2762, 2.669289, -29, 500, 0.00000, 0.00448
2763, 2.673383, -29, 500, 0.00000, 0.00053
2764, 2.677477, -29, 500, 0.00000, 0.00017
2765, 2.681384, -29, 500, 0.00000, -0.00127
2766, 2.685483, -29, 500, 0.00000, -0.00199
2767, 2.689636, -29, 500, 0.00000, 0.00340
2768, 2.693402, -29, 500, 0.00000, -0.00019
2769, 2.697458, -29, 500, 0.00000, -0.01493
2770, 2.701468, -29, 500, 0.00000, -0.00199
2771, 2.706439, -29, 500, 0.00000, 0.00089
2772, 2.711138, -29, 500, 0.00000, -0.00019
2773, 2.717129, -29, 500, 0.00000, -0.00055
2774, 2.722450, -29, 500, 0.00000, 0.00089
2775, 2.727216, -29, 500, 0.00000, 0.00412
2776, 2.731383, -29, 500, 0.00000, 0.00017
2777, 2.735631, -29, 500, 0.00000, -0.00091
2778, 2.741132, -29, 500, 0.00000, -0.00091
2779, 2.746384, -29, 500, 0.00000, -0.00127
2780, 2.750384, -29, 500, 0.00000, -0.00522
2781, 2.754410, -29, 500, 0.00000, -0.00127
2782, 2.758652, -29, 500, 0.00000, -0.00019
2783, 2.762888, -29, 500, 0.00000, -0.01026
2784, 2.767153, -29, 500, 0.00000, 0.00053
2785, 2.771384, -29, 500, 0.00000, 0.00161
2786, 2.775397, -29, 500, 0.00000, -0.00055
2787, 2.779630, -29, 500, 0.00000, -0.00055
2788, 2.783419, -29, 500, 0.00000, -0.00235
2789, 2.787441, -29, 500, 0.00000, 0.00017
2790, 2.791464, -29, 500, 0.00000, 0.00053
2791, 2.795462, -29, 500, 0.00000, -0.00091
2792, 2.799709, -29, 500, 0.00000, 0.00017
2793, 2.803444, -29, 500, 0.00000, -0.00055
2794, 2.807442, -29, 500, 0.00000, -0.00127
2795, 2.811641, -29, 500, 0.00000, -0.00019
2796, 2.815984, -29, 500, 0.00000, -0.00163
2797, 2.821413, -29, 500, 0.00000, 0.00448
2798, 2.827319, -29, 500, 0.00000, -0.00019
2799, 2.833718, -29, 500, 0.00000, 0.00125
2800, 2.838938, -29, 500, 0.00000, 0.00017
2801, 2.844423, -29, 500, 0.00000, -0.00271
2802, 2.849954, -29, 500, 0.00000, -0.00019
2803, 2.856185, -29, 500, 0.00000, -0.00019
2804, 2.862482, -29, 500, 0.00000, -0.00055
2805, 2.868410, -29, 500, 0.00000, 0.00017
2806, 2.873754, -29, 500, 0.00000, 0.00089
2807, 2.880185, -29, 500, 0.00000, -0.00235
2808, 2.886179, -29, 500, 0.00000, 0.00017
2809, 2.891440, -29, 500, 0.00000, -0.00055
2810, 2.897133, -29, 500, 0.00000, -0.00055
2811, 2.901433, -29, 500, 0.00000, 0.00017
2812, 2.905456, -29, 500, 0.00000, 0.00089
2813, 2.909887, -29, 500, 0.00000, 0.00089
2814, 2.914136, -29, 500, 0.00000, -0.00019
2815, 2.918153, -29, 500, 0.00000, 0.00628
2816, 2.922185, -29, 500, 0.00000, 0.00089
2817, 2.925948, -29, 500, 0.00000, -0.00055
2818, 2.930704, -29, 500, 0.00000, -0.00127
2819, 2.936626, -29, 500, 0.00000, 0.00089
2820, 2.941998, -29, 500, 0.00000, 0.00017
2821, 2.946627, -29, 500, 0.00000, -0.00055
2822, 2.950718, -29, 500, 0.00000, -0.00055
2823, 2.955227, -29, 500, 0.00000, 0.00125
2824, 2.960638, -29, 500, 0.00000, -0.00055
2825, 2.966300, -29, 500, 0.00000, -0.00127
2826, 2.970888, -29, 500, 0.00000, 0.00017
2827, 2.976160, -29, 500, 0.00000, -0.00055
2828, 2.980310, -29, 500, 0.00000, -0.00055
2829, 2.984202, -29, 500, 0.00000, 0.00053
2830, 2.988755, -29, 500, 0.00000, 0.00089
2831, 2.992416, -29, 500, 0.00000, -0.00127
2832, 2.996407, -29, 500, 0.00000, -0.00630
2833, 3.000494, -29, 500, 0.00000, 0.00053
2834, 3.004404, -29, 500, 0.00000, -0.00055
2835, 3.008662, -29, 500, 0.20000, -0.00091
2836, 3.012989, -29, 500, 0.20000, 0.00017
2837, 3.016950, -29, 500, 0.20000, 0.01023
2838, 3.021447, -29, 500, 0.20000, 0.03683
2839, 3.025805, -29, 500, 0.20000, 0.04438
2840, 3.029723, -29, 500, 0.20000, 0.06559
2841, 3.034334, -29, 500, 0.20000, 0.09471
2842, 3.038974, -29, 500, 0.20000, 0.12166
2843, 3.044272, -29, 500, 0.20000, 0.14862
2844, 3.050415, -29, 500, 0.20000, 0.17630
2845, 3.056720, -29, 500, 0.20000, 0.20182
2846, 3.062403, -29, 500, 0.20000, 0.21620
2847, 3.066345, -29, 500, 0.20000, 0.22303
2848, 3.071649, -29, 500, 0.20000, 0.23058
2849, 3.077688, -29, 500, 0.20000, 0.23202
2850, 3.082934, -29, 500, 0.20000, 0.23058
2851, 3.088640, -29, 500, 0.20000, 0.23094
2852, 3.094683, -29, 500, 0.20000, 0.22770
2853, 3.100749, -29, 500, 0.20000, 0.21692
2854, 3.106183, -29, 500, 0.20000, 0.21225
2855, 3.112220, -29, 500, 0.20000, 0.20614
2856, 3.118898, -29, 500, 0.20000, 0.20110
2857, 3.124159, -29, 500, 0.20000, 0.19859
2858, 3.129171, -29, 500, 0.20000, 0.19643
2859, 3.134732, -29, 500, 0.20000, 0.19643
2860, 3.140138, -29, 500, 0.20000, 0.19535
2861, 3.144134, -29, 500, 0.20000, 0.19607
2862, 3.148245, -29, 500, 0.20000, 0.19463
2863, 3.152894, -29, 500, 0.20000, 0.19427
2864, 3.157635, -29, 500, 0.20000, 0.19787
2865, 3.162184, -29, 500, 0.20000, 0.19499
2866, 3.166951, -29, 500, 0.20000, 0.19607
2867, 3.172292, -29, 500, 0.20000, 0.19931
2868, 3.176650, -29, 500, 0.20000, 0.19751
2869, 3.181384, -29, 500, 0.20000, 0.19895
2870, 3.186622, -29, 500, 0.20000, 0.20002
2871, 3.191385, -29, 500, 0.20000, 0.20002
2872, 3.196718, -29, 500, 0.20000, 0.20362
2873, 3.202230, -29, 500, 0.20000, 0.19859
2874, 3.206998, -29, 500, 0.20000, 0.20002
2875, 3.211997, -29, 500, 0.20000, 0.20074
2876, 3.217127, -29, 500, 0.20000, 0.20110
2877, 3.221973, -29, 500, 0.20000, 0.20110
2878, 3.228887, -29, 500, 0.20000, 0.20110
2879, 3.234640, -29, 500, 0.20000, 0.20074
2880, 3.240347, -29, 500, 0.20000, 0.20326
2881, 3.246735, -29, 500, 0.20000, 0.19895
2882, 3.251711, -29, 500, 0.20000, 0.19967
2883, 3.256384, -29, 500, 0.20000, 0.20182
2884, 3.261263, -29, 500, 0.20000, 0.19859
2885, 3.266887, -29, 500, 0.20000, 0.20074
2886, 3.271711, -29, 500, 0.20000, 0.20038
2887, 3.276352, -29, 500, 0.20000, 0.19859
2888, 3.281142, -29, 500, 0.20000, 0.19967
2889, 3.285363, -29, 500, 0.20000, 0.20362
2890, 3.289424, -29, 500, 0.20000, 0.20002
2891, 3.293472, -29, 500, 0.20000, 0.19931
2892, 3.298772, -29, 500, 0.20000, 0.19859
2893, 3.303332, -29, 500, 0.20000, 0.19967
2894, 3.307332, -29, 500, 0.20000, 0.20470
2895, 3.312465, -29, 500, 0.20000, 0.20002
2896, 3.316717, -29, 500, 0.20000, 0.19931
2897, 3.321383, -29, 500, 0.20000, 0.20074
2898, 3.325692, -29, 500, 0.20000, 0.20002
2899, 3.329765, -29, 500, 0.20000, 0.19931
2900, 3.334270, -29, 500, 0.20000, 0.20038
2901, 3.338475, -29, 500, 0.20000, 0.20038
2902, 3.342968, -29, 500, 0.20000, 0.20074
2903, 3.347456, -29, 500, 0.20000, 0.19967
2904, 3.351968, -29, 500, 0.20000, 0.19931
2905, 3.356291, -29, 500, 0.20000, 0.20182
2906, 3.360414, -29, 500, 0.20000, 0.19931
2907, 3.365135, -29, 500, 0.20000, 0.20038
2908, 3.369966, -29, 500, 0.20000, 0.19931
2909, 3.374186, -29, 500, 0.20000, 0.19931
2910, 3.378192, -29, 500, 0.20000, 0.19859
2911, 3.382162, -29, 500, 0.20000, 0.19895
2912, 3.386215, -29, 500, 0.20000, 0.19895
2913, 3.390774, -29, 500, 0.20000, 0.20290
2914, 3.395153, -29, 500, 0.20000, 0.19967
2915, 3.399137, -29, 500, 0.20000, 0.19787
2916, 3.403290, -29, 500, 0.20000, 0.19931
2917, 3.407449, -29, 500, 0.20000, 0.19967
2918, 3.411291, -29, 500, 0.20000, 0.20074
2919, 3.415401, -29, 500, 0.20000, 0.19931
2920, 3.419621, -29, 500, 0.20000, 0.18565
2921, 3.423966, -29, 500, 0.20000, 0.19967
2922, 3.428631, -29, 500, 0.20000, 0.20002
2923, 3.432661, -29, 500, 0.20000, 0.19967
2924, 3.436958, -29, 500, 0.20000, 0.19931
2925, 3.441436, -29, 500, 0.20000, 0.19967
2926, 3.445684, -29, 500, 0.20000, 0.20182
2927, 3.449446, -29, 500, 0.20000, 0.19895
2928, 3.453659, -29, 500, 0.20000, 0.20074
2929, 3.457952, -29, 500, 0.20000, 0.19931
2930, 3.461733, -29, 500, 0.20000, 0.20254
2931, 3.465688, -29, 500, 0.20000, 0.20002
2932, 3.469736, -29, 500, 0.20000, 0.19859
2933, 3.473889, -29, 500, 0.20000, 0.20002
2934, 3.477887, -29, 500, 0.20000, 0.20002
2935, 3.482136, -29, 500, 0.20000, 0.20290
2936, 3.486137, -29, 500, 0.20000, 0.20038
2937, 3.490429, -29, 500, 0.20000, 0.20110
2938, 3.494702, -29, 500, 0.20000, 0.20002
2939, 3.498489, -29, 500, 0.20000, 0.19715
2940, 3.502449, -29, 500, 0.20000, 0.20218
2941, 3.506959, -29, 500, 0.20000, 0.20038
2942, 3.511155, -29, 500, 0.20000, 0.20110
2943, 3.515385, -29, 500, 0.20000, 0.19895
2944, 3.519418, -29, 500, 0.20000, 0.19895
2945, 3.523657, -29, 500, 0.20000, 0.20074
2946, 3.527888, -29, 500, 0.20000, 0.19967
2947, 3.531887, -29, 500, 0.20000, 0.20290
2948, 3.536146, -29, 500, 0.20000, 0.19931
2949, 3.539970, -29, 500, 0.20000, 0.19967
2950, 3.544319, -29, 500, 0.20000, 0.20038
2951, 3.549153, -29, 500, 0.20000, 0.19787
2952, 3.553234, -29, 500, 0.20000, 0.20074
2953, 3.557729, -29, 500, 0.20000, 0.20146
2954, 3.561968, -29, 500, 0.20000, 0.19931
2955, 3.566156, -29, 500, 0.20000, 0.19967
2956, 3.570473, -29, 500, 0.20000, 0.20398
2957, 3.574638, -29, 500, 0.20000, 0.20074
2958, 3.579175, -29, 500, 0.20000, 0.20110
2959, 3.583292, -29, 500, 0.20000, 0.20110
2960, 3.587355, -29, 500, 0.20000, 0.20146
2961, 3.591693, -29, 500, 0.20000, 0.19931
2962, 3.595654, -29, 500, 0.20000, 0.18888
2963, 3.599716, -29, 500, 0.20000, 0.20110
2964, 3.603962, -29, 500, 0.20000, 0.20074
2965, 3.608434, -29, 500, 0.20000, 0.20074
2966, 3.612754, -29, 500, 0.20000, 0.20002
2967, 3.617234, -29, 500, 0.20000, 0.19967
2968, 3.621290, -29, 500, 0.20000, 0.20002
2969, 3.625282, -29, 500, 0.20000, 0.20434
2970, 3.629216, -29, 500, 0.20000, 0.20038
2971, 3.632966, -29, 500, 0.20000, 0.20146
2972, 3.636967, -29, 500, 0.20000, 0.20038
2973, 3.641337, -29, 500, 0.20000, 0.19787
2974, 3.645737, -29, 500, 0.20000, 0.20002
2975, 3.649888, -29, 500, 0.20000, 0.20074
2976, 3.653951, -29, 500, 0.20000, 0.20218
2977, 3.658631, -29, 500, 0.20000, 0.20002
2978, 3.662661, -29, 500, 0.20000, 0.20002
2979, 3.666725, -29, 500, 0.20000, 0.20074
2980, 3.670951, -29, 500, 0.20000, 0.20002
2981, 3.675727, -29, 500, 0.20000, 0.20218
2982, 3.680272, -29, 500, 0.20000, 0.19895
2983, 3.684389, -29, 500, 0.20000, 0.20146
2984, 3.688466, -29, 500, 0.20000, 0.20074
2985, 3.692739, -29, 500, 0.20000, 0.20146
2986, 3.696685, -29, 500, 0.20000, 0.19859
2987, 3.700887, -29, 500, 0.20000, 0.20002
2988, 3.705651, -29, 500, 0.20000, 0.19931
2989, 3.709650, -29, 500, 0.20000, 0.20002
2990, 3.713712, -29, 500, 0.20000, 0.20038
2991, 3.717966, -29, 500, 0.20000, 0.20074
2992, 3.722228, -29, 500, 0.20000, 0.20685
2993, 3.726383, -29, 500, 0.20000, 0.19895
2994, 3.730219, -29, 500, 0.20000, 0.20146
2995, 3.734148, -29, 500, 0.20000, 0.20038
2996, 3.737950, -29, 500, 0.20000, 0.20362
2997, 3.742394, -29, 500, 0.20000, 0.19967
2998, 3.746447, -29, 500, 0.20000, 0.20002
2999, 3.751200, -29, 500, 0.20000, 0.20290
3000, 3.755702, -29, 500, 0.20000, 0.20038
3001, 3.759647, -29, 500, 0.20000, 0.20002
3002, 3.764152, -29, 500, 0.20000, 0.19895
3003, 3.768306, -29, 500, 0.20000, 0.19931
3004, 3.772222, -29, 500, 0.20000, 0.20146
3005, 3.776383, -29, 500, 0.20000, 0.20074
3006, 3.780447, -29, 500, 0.20000, 0.19859
3007, 3.784887, -29, 500, 0.20000, 0.20146
3008, 3.788950, -29, 500, 0.20000, 0.20182
3009, 3.793286, -29, 500, 0.20000, 0.20326
3010, 3.797334, -29, 500, 0.20000, 0.19931
3011, 3.801327, -29, 500, 0.20000, 0.20002
3012, 3.806140, -29, 500, 0.20000, 0.20326
3013, 3.810304, -29, 500, 0.20000, 0.19104
3014, 3.814650, -29, 500, 0.20000, 0.20002
3015, 3.818653, -29, 500, 0.20000, 0.19679
3016, 3.823148, -29, 500, 0.20000, 0.19931
3017, 3.827464, -29, 500, 0.20000, 0.19967
3018, 3.831426, -29, 500, 0.20000, 0.19931
3019, 3.835957, -29, 500, 0.20000, 0.20326
3020, 3.839957, -29, 500, 0.20000, 0.20074
3021, 3.844384, -29, 500, 0.20000, 0.20002
3022, 3.848453, -29, 500, 0.20000, 0.20038
3023, 3.852635, -29, 500, 0.20000, 0.19895
3024, 3.856717, -29, 500, 0.20000, 0.19895
3025, 3.860953, -29, 500, 0.20000, 0.20074
3026, 3.865143, -29, 500, 0.20000, 0.19967
3027, 3.869235, -29, 500, 0.20000, 0.20002
3028, 3.873135, -29, 500, 0.20000, 0.20038
3029, 3.877232, -29, 500, 0.20000, 0.19859
3030, 3.880952, -29, 500, 0.20000, 0.20254
3031, 3.885123, -29, 500, 0.20000, 0.19967
3032, 3.888965, -29, 500, 0.20000, 0.20002
3033, 3.893166, -29, 500, 0.20000, 0.20182
3034, 3.896888, -29, 500, 0.20000, 0.20038
3035, 3.900949, -29, 500, 0.20000, 0.20002
3036, 3.904997, -29, 500, 0.20000, 0.19607
3037, 3.909196, -29, 500, 0.20000, 0.19931
3038, 3.913151, -29, 500, 0.20000, 0.19931
3039, 3.917217, -29, 500, 0.20000, 0.20002
3040, 3.921266, -29, 500, 0.20000, 0.20038
3041, 3.925633, -29, 500, 0.20000, 0.19715
3042, 3.929394, -29, 500, 0.20000, 0.19967
3043, 3.933703, -29, 500, 0.20000, 0.19787
3044, 3.937630, -29, 500, 0.20000, 0.19967
3045, 3.941658, -29, 500, 0.20000, 0.20182
3046, 3.945887, -29, 500, 0.20000, 0.19967
3047, 3.949950, -29, 500, 0.20000, 0.19895
3048, 3.954386, -29, 500, 0.20000, 0.20002
3049, 3.958754, -29, 500, 0.20000, 0.20002
3050, 3.962397, -29, 500, 0.20000, 0.20002
3051, 3.966137, -29, 500, 0.20000, 0.19859
3052, 3.970437, -29, 500, 0.20000, 0.20038
3053, 3.974656, -29, 500, 0.20000, 0.20362
3054, 3.978401, -29, 500, 0.20000, 0.20038
3055, 3.982446, -29, 500, 0.20000, 0.19967
3056, 3.986341, -29, 500, 0.20000, 0.20074
3057, 3.990662, -29, 500, 0.20000, 0.19967
3058, 3.994705, -29, 500, 0.20000, 0.19967
3059, 3.998740, -29, 500, 0.20000, 0.19931
3060, 4.002649, -29, 500, 0.20000, 0.20002
3061, 4.007138, -29, 500, 0.20000, 0.19895
3062, 4.011250, -29, 500, 0.00000, 0.19931
3063, 4.015384, -29, 500, 0.00000, 0.19823
3064, 4.019736, -29, 500, 0.00000, 0.18708
3065, 4.023652, -29, 500, 0.00000, 0.17091
3066, 4.027657, -29, 500, 0.00000, 0.15509
3067, 4.031654, -29, 500, 0.00000, 0.13029
3068, 4.035791, -29, 500, 0.00000, 0.11735
3069, 4.039887, -29, 500, 0.00000, 0.08680
3070, 4.044133, -29, 500, 0.00000, 0.06199
3071, 4.048205, -29, 500, 0.00000, 0.04151
3072, 4.052208, -29, 500, 0.00000, 0.02353
3073, 4.056385, -29, 500, 0.00000, 0.00916
3074, 4.060629, -29, 500, 0.00000, -0.00055
3075, 4.064708, -29, 500, 0.00000, -0.01529
3076, 4.069133, -29, 500, 0.00000, -0.02427
3077, 4.073651, -29, 500, 0.00000, -0.02967
3078, 4.078250, -29, 500, 0.00000, -0.03074
3079, 4.082426, -29, 500, 0.00000, -0.03146
3080, 4.086953, -29, 500, 0.00000, -0.03110
3081, 4.091361, -29, 500, 0.00000, -0.02787
3082, 4.095477, -29, 500, 0.00000, -0.02391
3083, 4.099968, -29, 500, 0.00000, -0.02176
3084, 4.103902, -29, 500, 0.00000, -0.01529
3085, 4.108429, -29, 500, 0.00000, -0.01061
3086, 4.112715, -29, 500, 0.00000, -0.00990
3087, 4.116958, -29, 500, 0.00000, -0.00558
3088, 4.121702, -29, 500, 0.00000, -0.00163
3089, 4.125641, -29, 500, 0.00000, -0.00019
3090, 4.129490, -29, 500, 0.00000, 0.00089
3091, 4.133644, -29, 500, 0.00000, 0.00340
3092, 4.137737, -29, 500, 0.00000, 0.00340
3093, 4.141410, -29, 500, 0.00000, -0.00882
3094, 4.145457, -29, 500, 0.00000, 0.00628
3095, 4.149384, -29, 500, 0.00000, 0.00844
3096, 4.153405, -29, 500, 0.00000, 0.00592
3097, 4.157700, -29, 500, 0.00000, 0.00376
3098, 4.161685, -29, 500, 0.00000, 0.00412
3099, 4.165734, -29, 500, 0.00000, 0.00161
3100, 4.169645, -29, 500, 0.00000, 0.00340
3101, 4.173627, -29, 500, 0.00000, 0.00269
3102, 4.177266, -29, 500, 0.00000, 0.00233
3103, 4.181629, -29, 500, 0.00000, -0.00019
3104, 4.185626, -29, 500, 0.00000, -0.00019
3105, 4.189414, -29, 500, 0.00000, 0.00053
3106, 4.193414, -29, 500, 0.00000, 0.00053
3107, 4.197462, -29, 500, 0.00000, -0.00055
3108, 4.201776, -29, 500, 0.00000, -0.00127
3109, 4.206731, -29, 500, 0.00000, -0.00091
3110, 4.211908, -29, 500, 0.00000, 0.00017
3111, 4.217385, -29, 500, 0.00000, -0.00055
3112, 4.222779, -29, 500, 0.00000, -0.00307
3113, 4.229196, -29, 500, 0.00000, 0.00017
3114, 4.233887, -29, 500, 0.00000, -0.00055
3115, 4.237887, -29, 500, 0.00000, -0.00091
3116, 4.242261, -29, 500, 0.00000, -0.00055
3117, 4.247403, -29, 500, 0.00000, 0.00304
3118, 4.253137, -29, 500, 0.00000, -0.00271
3119, 4.258325, -29, 500, 0.00000, -0.00019
3120, 4.264401, -29, 500, 0.00000, -0.00127
3121, 4.268705, -29, 500, 0.00000, -0.00271
3122, 4.272966, -29, 500, 0.00000, -0.00307
3123, 4.277256, -29, 500, 0.00000, -0.00019
3124, 4.281271, -29, 500, 0.00000, 0.00484
3125, 4.285402, -29, 500, 0.00000, -0.00019
3126, 4.291139, -29, 500, 0.00000, 0.00053
3127, 4.296285, -29, 500, 0.00000, 0.00448
3128, 4.299888, -29, 500, 0.00000, -0.00019
3129, 4.303892, -29, 500, 0.00000, -0.00055
3130, 4.309199, -29, 500, 0.00000, 0.00053
3131, 4.314382, -29, 500, 0.00000, -0.00091
3132, 4.319132, -29, 500, 0.00000, -0.00019
3133, 4.323322, -29, 500, 0.00000, -0.00019
3134, 4.327413, -29, 500, 0.00000, -0.00019
3135, 4.331392, -29, 500, 0.00000, -0.00127
3136, 4.336625, -29, 500, 0.00000, -0.00019
3137, 4.340963, -29, 500, 0.00000, 0.00017
3138, 4.346367, -29, 500, 0.00000, -0.00091
3139, 4.351662, -29, 500, 0.00000, 0.00089
3140, 4.355887, -29, 500, 0.00000, 0.00125
3141, 4.360452, -29, 500, 0.00000, -0.00019
3142, 4.364888, -29, 500, 0.00000, -0.00235
3143, 4.369373, -29, 500, 0.00000, 0.00197
3144, 4.373444, -29, 500, 0.00000, 0.00161
3145, 4.378631, -29, 500, 0.00000, -0.00055
3146, 4.384388, -29, 500, 0.00000, -0.00055
3147, 4.388383, -29, 500, 0.00000, -0.00271
3148, 4.393625, -29, 500, 0.00000, -0.00019
3149, 4.399762, -29, 500, 0.00000, -0.00091
3150, 4.404685, -29, 500, 0.00000, 0.00017
3151, 4.410131, -29, 500, 0.00000, -0.00055
3152, 4.415157, -29, 500, 0.00000, -0.00055
3153, 4.419384, -29, 500, 0.00000, -0.00091
3154, 4.423993, -29, 500, 0.00000, -0.00019
3155, 4.428950, -29, 500, 0.00000, -0.00019
3156, 4.434699, -29, 500, 0.00000, 0.00017
3157, 4.438966, -29, 500, 0.00000, 0.00017
3158, 4.443738, -29, 500, 0.00000, 0.00089
3159, 4.448763, -29, 500, 0.00000, -0.00127
3160, 4.454213, -29, 500, 0.00000, 0.00520
3161, 4.458243, -29, 500, 0.00000, -0.00019
3162, 4.462709, -29, 500, 0.00000, -0.00019
3163, 4.467684, -29, 500, 0.00000, 0.00089
3164, 4.472468, -29, 500, 0.00000, 0.00161
3165, 4.477656, -29, 500, 0.00000, -0.00486
3166, 4.482631, -29, 500, 0.00000, -0.00091
3167, 4.487442, -29, 500, 0.00000, -0.00055
3168, 4.492637, -29, 500, 0.00000, 0.00017
3169, 4.497888, -29, 500, 0.00000, -0.00091
3170, 4.503474, -29, 500, 0.00000, -0.00019
3171, 4.508252, -29, 500, 0.00000, 0.00125
3172, 4.513666, -29, 500, 0.00000, -0.00127
3173, 4.519230, -29, 500, 0.00000, -0.00055
3174, 4.524389, -29, 500, 0.00000, 0.00053
3175, 4.529631, -29, 500, 0.00000, -0.00127
3176, 4.534709, -29, 500, 0.00000, 0.00053
3177, 4.538951, -29, 500, 0.00000, 0.00017
3178, 4.543137, -29, 500, 0.00000, -0.00055
3179, 4.547489, -29, 500, 0.00000, -0.00055
3180, 4.552934, -29, 500, 0.00000, -0.00055
3181, 4.557349, -29, 500, 0.00000, 0.00053
3182, 4.562394, -29, 500, 0.00000, 0.00017
3183, 4.567493, -29, 500, 0.00000, -0.00019
3184, 4.572387, -29, 500, 0.00000, -0.00019
3185, 4.576759, -29, 500, 0.00000, 0.00017
3186, 4.581437, -29, 500, 0.00000, 0.00484
3187, 4.586766, -29, 500, 0.00000, -0.00019
3188, 4.592145, -29, 500, 0.00000, -0.00091
3189, 4.597640, -29, 500, 0.00000, -0.00055
3190, 4.601485, -29, 500, 0.00000, -0.00055
3191, 4.605712, -29, 500, 0.00000, 0.00017
3192, 4.611887, -29, 500, 0.00000, 0.00017
3193, 4.617649, -29, 500, 0.00000, -0.00091
3194, 4.623396, -29, 500, 0.00000, 0.00053
3195, 4.629902, -29, 500, 0.00000, 0.00053
3196, 4.634627, -29, 500, 0.00000, 0.00017
3197, 4.638903, -29, 500, 0.00000, 0.00340
3198, 4.642949, -29, 500, 0.00000, -0.00019
3199, 4.647260, -29, 500, 0.00000, -0.00055
3200, 4.651139, -29, 500, 0.00000, 0.00053
3201, 4.655137, -29, 500, 0.00000, 0.00089
3202, 4.659402, -29, 500, 0.00000, -0.00019
3203, 4.663440, -29, 500, 0.00000, -0.00055
3204, 4.667638, -29, 500, 0.00000, 0.00197
3205, 4.671425, -29, 500, 0.00000, 0.00376
3206, 4.675412, -29, 500, 0.00000, 0.00125
3207, 4.679956, -29, 500, 0.00000, 0.00592
3208, 4.684233, -29, 500, 0.00000, -0.00343
3209, 4.688223, -29, 500, 0.00000, 0.00053
3210, 4.693224, -29, 500, 0.00000, -0.00055
3211, 4.699635, -29, 500, 0.00000, 0.00089
3212, 4.704649, -29, 500, 0.00000, -0.00019
3213, 4.710120, -29, 500, 0.00000, 0.00017
3214, 4.714422, -29, 500, 0.00000, -0.00271
3215, 4.718887, -29, 500, 0.00000, 0.00125
3216, 4.723888, -29, 500, 0.00000, 0.00017
3217, 4.729893, -29, 500, 0.00000, 0.00017
3218, 4.734951, -29, 500, 0.00000, -0.00199
3219, 4.739328, -29, 500, 0.00000, 0.00233
3220, 4.743303, -29, 500, 0.00000, -0.00630
3221, 4.747153, -29, 500, 0.00000, 0.00808
3222, 4.750950, -29, 500, 0.00000, -0.00091
3223, 4.754950, -29, 500, 0.00000, 0.00017
3224, 4.759145, -29, 500, 0.00000, -0.00019
3225, 4.763332, -29, 500, 0.00000, -0.00055
3226, 4.767301, -29, 500, 0.00000, -0.00091
3227, 4.771361, -29, 500, 0.00000, 0.00556
3228, 4.775278, -29, 500, 0.00000, -0.00055
3229, 4.779627, -29, 500, 0.00000, 0.00017
3230, 4.783427, -29, 500, 0.00000, -0.00019
3231, 4.787493, -29, 500, 0.00000, -0.00055
3232, 4.791888, -29, 500, 0.00000, -0.00163
3233, 4.796492, -29, 500, 0.00000, 0.00448
3234, 4.800623, -29, 500, 0.00000, -0.00091
3235, 4.805354, -29, 500, 0.00000, 0.00053
3236, 4.811127, -29, 500, 0.00000, -0.00055
3237, 4.815992, -29, 500, 0.00000, -0.00091
3238, 4.820233, -29, 500, 0.00000, -0.00307
3239, 4.824133, -29, 500, 0.00000, 0.00053
3240, 4.827960, -29, 500, 0.00000, 0.00053
3241, 4.833395, -29, 500, 0.00000, -0.00055
3242, 4.839203, -29, 500, 0.00000, 0.00017
3243, 4.844247, -29, 500, 0.00000, -0.00019
3244, 4.848447, -29, 500, 0.00000, 0.00017
3245, 4.852423, -29, 500, 0.00000, -0.00127
3246, 4.856466, -29, 500, 0.00000, -0.00127
3247, 4.860493, -29, 500, 0.00000, 0.00017
3248, 4.864689, -29, 500, 0.00000, -0.00091
3249, 4.868463, -29, 500, 0.00000, 0.00340
3250, 4.873223, -29, 500, 0.00000, 0.00053
3251, 4.880191, -29, 500, 0.00000, -0.00055
3252, 4.886735, -29, 500, 0.00000, -0.00055
3253, 4.893141, -29, 500, 0.00000, -0.00019
3254, 4.899466, -29, 500, 0.00000, 0.00017
3255, 4.904648, -29, 500, 0.00000, 0.00089
3256, 4.908453, -29, 500, 0.00000, -0.00055
3257, 4.912887, -29, 500, 0.00000, -0.00055
3258, 4.918634, -29, 500, 0.00000, 0.00125
3259, 4.924135, -29, 500, 0.00000, -0.00019
3260, 4.929887, -29, 500, 0.00000, 0.00017
3261, 4.935892, -29, 500, 0.00000, -0.00019
3262, 4.941135, -29, 500, 0.00000, -0.00019
3263, 4.947899, -29, 500, 0.00000, -0.00414
3264, 4.953475, -29, 500, 0.00000, 0.00017
3265, 4.959215, -29, 500, 0.00000, 0.00017
3266, 4.965360, -29, 500, 0.00000, -0.00091
3267, 4.971252, -29, 500, 0.00000, 0.00017
3268, 4.975956, -29, 500, 0.00000, -0.00019
3269, 4.980276, -29, 500, 0.00000, -0.00019
3270, 4.984392, -29, 500, 0.00000, -0.00055
3271, 4.988268, -29, 500, 0.00000, -0.00055
3272, 4.992144, -29, 500, 0.00000, 0.00053
3273, 4.995953, -29, 500, 0.00000, 0.00017
3274, 5.000358, -29, 500, 0.00000, -0.00019
3275, 5.005183, -29, 500, 0.00000, -0.00019
3276, 5.010636, -29, 500, 0.00000, 0.00161
3277, 5.016471, -29, 500, 0.20000, -0.00091
3278, 5.022135, -29, 500, 0.20000, 0.00484
3279, 5.027684, -29, 500, 0.20000, 0.02389
3280, 5.031360, -29, 500, 0.20000, 0.03683
3281, 5.036887, -29, 500, 0.20000, 0.06703
3282, 5.042484, -29, 500, 0.20000, 0.09902
3283, 5.047329, -29, 500, 0.20000, 0.12993
3284, 5.053158, -29, 500, 0.20000, 0.15617
3285, 5.058778, -29, 500, 0.20000, 0.18025
3286, 5.064903, -29, 500, 0.20000, 0.20110
3287, 5.069638, -29, 500, 0.20000, 0.21764
3288, 5.075411, -29, 500, 0.20000, 0.22770
3289, 5.080749, -29, 500, 0.20000, 0.22914
3290, 5.085950, -29, 500, 0.20000, 0.23022
3291, 5.090479, -29, 500, 0.20000, 0.22627
3292, 5.095903, -29, 500, 0.20000, 0.23130
3293, 5.101988, -29, 500, 0.20000, 0.22267
3294, 5.106635, -29, 500, 0.20000, 0.21764
3295, 5.110695, -29, 500, 0.20000, 0.21620
3296, 5.115199, -29, 500, 0.20000, 0.20362
3297, 5.120403, -29, 500, 0.20000, 0.20614
3298, 5.125641, -29, 500, 0.20000, 0.20254
3299, 5.131136, -29, 500, 0.20000, 0.20002
3300, 5.136685, -29, 500, 0.20000, 0.19715
3301, 5.140691, -29, 500, 0.20000, 0.19715
3302, 5.145773, -29, 500, 0.20000, 0.19535
3303, 5.152210, -29, 500, 0.20000, 0.19895
3304, 5.157223, -29, 500, 0.20000, 0.19571
3305, 5.163311, -29, 500, 0.20000, 0.19931
3306, 5.169399, -29, 500, 0.20000, 0.19499
3307, 5.175192, -29, 500, 0.20000, 0.19535
3308, 5.181673, -29, 500, 0.20000, 0.19679
3309, 5.186809, -29, 500, 0.20000, 0.19787
3310, 5.192986, -29, 500, 0.20000, 0.19895
3311, 5.199411, -29, 500, 0.20000, 0.19931
3312, 5.204887, -29, 500, 0.20000, 0.20074
3313, 5.210887, -29, 500, 0.20000, 0.20074
3314, 5.215447, -29, 500, 0.20000, 0.20074
3315, 5.219729, -29, 500, 0.20000, 0.20074
3316, 5.223934, -29, 500, 0.20000, 0.20146
3317, 5.228906, -29, 500, 0.20000, 0.20218
3318, 5.234403, -29, 500, 0.20000, 0.20002
3319, 5.239460, -29, 500, 0.20000, 0.20110
3320, 5.245888, -29, 500, 0.20000, 0.20038
3321, 5.251174, -29, 500, 0.20000, 0.20074
3322, 5.256131, -29, 500, 0.20000, 0.19859
3323, 5.262157, -29, 500, 0.20000, 0.20146
3324, 5.267694, -29, 500, 0.20000, 0.19931
3325, 5.272887, -29, 500, 0.20000, 0.19931
3326, 5.278479, -29, 500, 0.20000, 0.19931
3327, 5.283156, -29, 500, 0.20000, 0.19823
3328, 5.287236, -29, 500, 0.20000, 0.19967
3329, 5.291297, -29, 500, 0.20000, 0.19787
3330, 5.295134, -29, 500, 0.20000, 0.20074
3331, 5.299203, -29, 500, 0.20000, 0.20146
3332, 5.303236, -29, 500, 0.20000, 0.19967
3333, 5.307776, -29, 500, 0.20000, 0.19967
3334, 5.312350, -29, 500, 0.20000, 0.19967
3335, 5.316390, -29, 500, 0.20000, 0.19967
3336, 5.320719, -29, 500, 0.20000, 0.19967
3337, 5.324886, -29, 500, 0.20000, 0.20038
3338, 5.329485, -29, 500, 0.20000, 0.19967
3339, 5.333889, -29, 500, 0.20000, 0.19895
3340, 5.337784, -29, 500, 0.20000, 0.19931
3341, 5.341966, -29, 500, 0.20000, 0.20110
3342, 5.346812, -29, 500, 0.20000, 0.19751
3343, 5.351713, -29, 500, 0.20000, 0.19967
3344, 5.356332, -29, 500, 0.20000, 0.20002
3345, 5.360445, -29, 500, 0.20000, 0.19931
3346, 5.365716, -29, 500, 0.20000, 0.19895
3347, 5.370890, -29, 500, 0.20000, 0.19212
3348, 5.375704, -29, 500, 0.20000, 0.20398
3349, 5.380766, -29, 500, 0.20000, 0.19967
3350, 5.386202, -29, 500, 0.20000, 0.19967
3351, 5.391736, -29, 500, 0.20000, 0.19607
3352, 5.398436, -29, 500, 0.20000, 0.20002
3353, 5.404768, -29, 500, 0.20000, 0.20038
3354, 5.411152, -29, 500, 0.20000, 0.19895
3355, 5.416886, -29, 500, 0.20000, 0.20002
3356, 5.421233, -29, 500, 0.20000, 0.19859
3357, 5.425448, -29, 500, 0.20000, 0.19895
3358, 5.429458, -29, 500, 0.20000, 0.20038
3359, 5.433652, -29, 500, 0.20000, 0.19931
3360, 5.437431, -29, 500, 0.20000, 0.20002
3361, 5.441949, -29, 500, 0.20000, 0.19931
3362, 5.446441, -29, 500, 0.20000, 0.19931
3363, 5.451888, -29, 500, 0.20000, 0.19212
3364, 5.457442, -29, 500, 0.20000, 0.19535
3365, 5.463633, -29, 500, 0.20000, 0.20182
3366, 5.469148, -29, 500, 0.20000, 0.19931
3367, 5.473233, -29, 500, 0.20000, 0.20110
3368, 5.478638, -29, 500, 0.20000, 0.20038
3369, 5.484900, -29, 500, 0.20000, 0.20074
3370, 5.489136, -29, 500, 0.20000, 0.20182
3371, 5.495210, -29, 500, 0.20000, 0.19751
3372, 5.500736, -29, 500, 0.20000, 0.20074
3373, 5.505949, -29, 500, 0.20000, 0.20074
3374, 5.512243, -29, 500, 0.20000, 0.19931
3375, 5.517640, -29, 500, 0.20000, 0.20002
3376, 5.522155, -29, 500, 0.20000, 0.20074
3377, 5.525951, -29, 500, 0.20000, 0.19967
3378, 5.530155, -29, 500, 0.20000, 0.19931
3379, 5.534384, -29, 500, 0.20000, 0.20110
3380, 5.538441, -29, 500, 0.20000, 0.19967
3381, 5.542782, -29, 500, 0.20000, 0.19823
3382, 5.547204, -29, 500, 0.20000, 0.19895
3383, 5.551658, -29, 500, 0.20000, 0.19895
3384, 5.555993, -29, 500, 0.20000, 0.20074
3385, 5.561396, -29, 500, 0.20000, 0.20326
3386, 5.567231, -29, 500, 0.20000, 0.19967
3387, 5.572722, -29, 500, 0.20000, 0.20038
3388, 5.579698, -29, 500, 0.20000, 0.19751
3389, 5.585256, -29, 500, 0.20000, 0.20002
3390, 5.590222, -29, 500, 0.20000, 0.20002
3391, 5.596684, -29, 500, 0.20000, 0.19895
3392, 5.602762, -29, 500, 0.20000, 0.20074
3393, 5.608323, -29, 500, 0.20000, 0.20038
3394, 5.613888, -29, 500, 0.20000, 0.20038
3395, 5.619953, -29, 500, 0.20000, 0.20362
3396, 5.625461, -29, 500, 0.20000, 0.20038
3397, 5.631897, -29, 500, 0.20000, 0.19967
3398, 5.636955, -29, 500, 0.20000, 0.20038
3399, 5.641303, -29, 500, 0.20000, 0.20038
3400, 5.645637, -29, 500, 0.20000, 0.19967
3401, 5.649447, -29, 500, 0.20000, 0.19895
3402, 5.653730, -29, 500, 0.20000, 0.20074
3403, 5.657950, -29, 500, 0.20000, 0.19931
3404, 5.662487, -29, 500, 0.20000, 0.19967
3405, 5.667977, -29, 500, 0.20000, 0.20038
3406, 5.672887, -29, 500, 0.20000, 0.20038
3407, 5.679150, -29, 500, 0.20000, 0.19931
3408, 5.685357, -29, 500, 0.20000, 0.20038
3409, 5.690442, -29, 500, 0.20000, 0.20074
3410, 5.695784, -29, 500, 0.20000, 0.20038
3411, 5.701773, -29, 500, 0.20000, 0.20110
3412, 5.707211, -29, 500, 0.20000, 0.20254
3413, 5.712814, -29, 500, 0.20000, 0.20074
3414, 5.716903, -29, 500, 0.20000, 0.19859
3415, 5.721437, -29, 500, 0.20000, 0.19931
3416, 5.725949, -29, 500, 0.20000, 0.19931
3417, 5.730126, -29, 500, 0.20000, 0.20110
3418, 5.734680, -29, 500, 0.20000, 0.20038
3419, 5.738670, -29, 500, 0.20000, 0.19967
3420, 5.742950, -29, 500, 0.20000, 0.20038
3421, 5.747233, -29, 500, 0.20000, 0.19931
3422, 5.751328, -29, 500, 0.20000, 0.19931
3423, 5.755741, -29, 500, 0.20000, 0.20038
3424, 5.759734, -29, 500, 0.20000, 0.19931
3425, 5.763949, -29, 500, 0.20000, 0.19967
3426, 5.767950, -29, 500, 0.20000, 0.20002
3427, 5.772440, -29, 500, 0.20000, 0.19967
3428, 5.776375, -29, 500, 0.20000, 0.19931
3429, 5.781679, -29, 500, 0.20000, 0.19895
3430, 5.786888, -29, 500, 0.20000, 0.19931
3431, 5.792206, -29, 500, 0.20000, 0.20002
3432, 5.797446, -29, 500, 0.20000, 0.19715
3433, 5.801966, -29, 500, 0.20000, 0.20074
3434, 5.806402, -29, 500, 0.20000, 0.20074
3435, 5.811902, -29, 500, 0.20000, 0.19104
3436, 5.817314, -29, 500, 0.20000, 0.19931
3437, 5.821757, -29, 500, 0.20000, 0.19823
3438, 5.825696, -29, 500, 0.20000, 0.20614
3439, 5.830154, -29, 500, 0.20000, 0.19535
3440, 5.833888, -29, 500, 0.20000, 0.20038
3441, 5.838126, -29, 500, 0.20000, 0.20002
3442, 5.841886, -29, 500, 0.20000, 0.20074
3443, 5.845956, -29, 500, 0.20000, 0.19967
3444, 5.850168, -29, 500, 0.20000, 0.20038
3445, 5.854269, -29, 500, 0.20000, 0.19643
3446, 5.858696, -29, 500, 0.20000, 0.20146
3447, 5.862888, -29, 500, 0.20000, 0.19967
3448, 5.866741, -29, 500, 0.20000, 0.19967
3449, 5.870887, -29, 500, 0.20000, 0.20038
3450, 5.874951, -29, 500, 0.20000, 0.20074
3451, 5.879229, -29, 500, 0.20000, 0.19032
3452, 5.883638, -29, 500, 0.20000, 0.19931
3453, 5.888187, -29, 500, 0.20000, 0.20002
3454, 5.893394, -29, 500, 0.20000, 0.19967
3455, 5.898482, -29, 500, 0.20000, 0.19967
3456, 5.903389, -29, 500, 0.20000, 0.20002
3457, 5.908274, -29, 500, 0.20000, 0.20038
3458, 5.912959, -29, 500, 0.20000, 0.20290
3459, 5.918384, -29, 500, 0.20000, 0.19967
3460, 5.923910, -29, 500, 0.20000, 0.20038
3461, 5.928808, -29, 500, 0.20000, 0.19967
3462, 5.933887, -29, 500, 0.20000, 0.20002
3463, 5.939123, -29, 500, 0.20000, 0.19967
3464, 5.944186, -29, 500, 0.20000, 0.20002
3465, 5.949683, -29, 500, 0.20000, 0.19931
3466, 5.954784, -29, 500, 0.20000, 0.20038
3467, 5.960432, -29, 500, 0.20000, 0.19967
3468, 5.966140, -29, 500, 0.20000, 0.20002
3469, 5.970165, -29, 500, 0.20000, 0.20074
3470, 5.974137, -29, 500, 0.20000, 0.19751
3471, 5.978384, -29, 500, 0.20000, 0.20002
3472, 5.982888, -29, 500, 0.20000, 0.20038
3473, 5.987351, -29, 500, 0.20000, 0.19931
3474, 5.991724, -29, 500, 0.20000, 0.19895
3475, 5.995685, -29, 500, 0.20000, 0.19967
3476, 6.001205, -29, 500, 0.20000, 0.19895
3477, 6.005722, -29, 500, 0.20000, 0.19967
3478, 6.011141, -29, 500, 0.20000, 0.20038
3479, 6.016899, -29, 500, 0.00000, 0.20146
3480, 6.022173, -29, 500, 0.00000, 0.20218
3481, 6.027412, -29, 500, 0.00000, 0.18097
3482, 6.031375, -29, 500, 0.00000, 0.16624
3483, 6.036315, -29, 500, 0.00000, 0.12885
3484, 6.040646, -29, 500, 0.00000, 0.11483
3485, 6.045642, -29, 500, 0.00000, 0.08500
3486, 6.050687, -29, 500, 0.00000, 0.06128
3487, 6.055382, -29, 500, 0.00000, 0.03899
3488, 6.059888, -29, 500, 0.00000, 0.01814
3489, 6.064336, -29, 500, 0.00000, 0.00125
3490, 6.068889, -29, 500, 0.00000, -0.01205
3491, 6.073780, -29, 500, 0.00000, -0.02032
3492, 6.078887, -29, 500, 0.00000, -0.02715
3493, 6.083658, -29, 500, 0.00000, -0.03434
3494, 6.088385, -29, 500, 0.00000, -0.03038
3495, 6.093465, -29, 500, 0.00000, -0.03110
3496, 6.098241, -29, 500, 0.00000, -0.02715
3497, 6.102735, -29, 500, 0.00000, -0.02176
3498, 6.107156, -29, 500, 0.00000, -0.02068
3499, 6.112465, -29, 500, 0.00000, -0.01529
3500, 6.117410, -29, 500, 0.00000, -0.01026
3501, 6.122208, -29, 500, 0.00000, -0.00343
3502, 6.126966, -29, 500, 0.00000, -0.00199
3503, 6.131747, -29, 500, 0.00000, -0.00019
3504, 6.136384, -29, 500, 0.00000, 0.00304
3505, 6.141210, -29, 500, 0.00000, 0.00269
3506, 6.147484, -29, 500, 0.00000, 0.00376
3507, 6.153222, -29, 500, 0.00000, 0.00340
3508, 6.158697, -29, 500, 0.00000, 0.00448
3509, 6.164706, -29, 500, 0.00000, 0.00340
3510, 6.168649, -29, 500, 0.00000, 0.00269
3511, 6.172387, -29, 500, 0.00000, 0.00448
3512, 6.176209, -29, 500, 0.00000, 0.00340
3513, 6.180301, -29, 500, 0.00000, -0.00163
3514, 6.184269, -29, 500, 0.00000, 0.00233
3515, 6.188207, -29, 500, 0.00000, -0.00091
3516, 6.192140, -29, 500, 0.00000, 0.00017
3517, 6.196445, -29, 500, 0.00000, -0.00055
3518, 6.200699, -29, 500, 0.00000, -0.00055
3519, 6.204968, -29, 500, 0.00000, -0.00055
3520, 6.209155, -29, 500, 0.00000, -0.00199
3521, 6.213134, -29, 500, 0.00000, -0.00486
3522, 6.218903, -29, 500, 0.00000, -0.00235
3523, 6.224132, -29, 500, 0.00000, -0.00091
3524, 6.230399, -29, 500, 0.00000, -0.00091
3525, 6.234756, -29, 500, 0.00000, 0.00053
3526, 6.238639, -29, 500, 0.00000, -0.00127
3527, 6.244390, -29, 500, 0.00000, -0.00091
3528, 6.249451, -29, 500, 0.00000, -0.00019
3529, 6.253450, -29, 500, 0.00000, -0.00055
3530, 6.258710, -29, 500, 0.00000, -0.00127
3531, 6.264389, -29, 500, 0.00000, -0.00379
3532, 6.269766, -29, 500, 0.00000, 0.00233
3533, 6.275403, -29, 500, 0.00000, -0.00019
3534, 6.280487, -29, 500, 0.00000, -0.00091
3535, 6.284709, -29, 500, 0.00000, -0.00055
3536, 6.288674, -29, 500, 0.00000, 0.00017
3537, 6.292808, -29, 500, 0.00000, 0.00053
3538, 6.296816, -29, 500, 0.00000, 0.00233
3539, 6.300809, -29, 500, 0.00000, -0.00019
3540, 6.304963, -29, 500, 0.00000, -0.00127
3541, 6.309244, -29, 500, 0.00000, 0.00017
3542, 6.313290, -29, 500, 0.00000, 0.00089
3543, 6.317356, -29, 500, 0.00000, -0.00235
3544, 6.321685, -29, 500, 0.00000, -0.00019
3545, 6.325671, -29, 500, 0.00000, 0.00053
3546, 6.330134, -29, 500, 0.00000, -0.00343
3547, 6.333888, -29, 500, 0.00000, 0.00053
3548, 6.337727, -29, 500, 0.00000, 0.00053
3549, 6.342351, -29, 500, 0.00000, 0.00017
3550, 6.347389, -29, 500, 0.00000, -0.00019
3551, 6.353215, -29, 500, 0.00000, -0.00019
3552, 6.357816, -29, 500, 0.00000, 0.00017
3553, 6.363630, -29, 500, 0.00000, -0.00019
3554, 6.368690, -29, 500, 0.00000, 0.00053
3555, 6.374712, -29, 500, 0.00000, -0.00019
3556, 6.380184, -29, 500, 0.00000, -0.00019
3557, 6.385887, -29, 500, 0.00000, 0.00053
3558, 6.390888, -29, 500, 0.00000, 0.00017
3559, 6.395889, -29, 500, 0.00000, -0.00019
3560, 6.401719, -29, 500, 0.00000, 0.00125
3561, 6.407351, -29, 500, 0.00000, 0.00017
3562, 6.413632, -29, 500, 0.00000, -0.00019
3563, 6.419664, -29, 500, 0.00000, 0.00376
3564, 6.424631, -29, 500, 0.00000, 0.00053
3565, 6.428685, -29, 500, 0.00000, 0.00017
3566, 6.433698, -29, 500, 0.00000, 0.00017
3567, 6.439725, -29, 500, 0.00000, 0.00017
3568, 6.445453, -29, 500, 0.00000, 0.00053
3569, 6.450887, -29, 500, 0.00000, -0.00055
3570, 6.455654, -29, 500, 0.00000, -0.00055
3571, 6.459963, -29, 500, 0.00000, 0.00053
3572, 6.464975, -29, 500, 0.00000, -0.00055
3573, 6.470701, -29, 500, 0.00000, -0.00127
3574, 6.474963, -29, 500, 0.00000, 0.00125
3575, 6.479700, -29, 500, 0.00000, -0.00055
3576, 6.484719, -29, 500, 0.00000, 0.00053
3577, 6.489184, -29, 500, 0.00000, 0.00053
3578, 6.494371, -29, 500, 0.00000, -0.00019
3579, 6.499887, -29, 500, 0.00000, -0.00127
3580, 6.505127, -29, 500, 0.00000, 0.00304
3581, 6.510646, -29, 500, 0.00000, 0.00197
3582, 6.515888, -29, 500, 0.00000, 0.00089
3583, 6.521372, -29, 500, 0.00000, 0.00017
3584, 6.526307, -29, 500, 0.00000, -0.00019
3585, 6.531692, -29, 500, 0.00000, 0.00053
3586, 6.535963, -29, 500, 0.00000, -0.00055
3587, 6.540333, -29, 500, 0.00000, 0.00089
3588, 6.545151, -29, 500, 0.00000, -0.00127
3589, 6.551172, -29, 500, 0.00000, 0.00017
3590, 6.556233, -29, 500, 0.00000, 0.00125
3591, 6.561648, -29, 500, 0.00000, -0.00055
3592, 6.565950, -29, 500, 0.00000, -0.00055
3593, 6.570278, -29, 500, 0.00000, -0.00091
3594, 6.576246, -29, 500, 0.00000, -0.00091
3595, 6.581625, -29, 500, 0.00000, -0.00091
3596, 6.586156, -29, 500, 0.00000, -0.00055
3597, 6.590759, -29, 500, 0.00000, -0.00019
3598, 6.594968, -29, 500, 0.00000, -0.00127
3599, 6.599197, -29, 500, 0.00000, -0.00091
3600, 6.603689, -29, 500, 0.00000, 0.00053
3601, 6.607975, -29, 500, 0.00000, 0.00017
3602, 6.612216, -29, 500, 0.00000, 0.00376
3603, 6.616654, -29, 500, 0.00000, -0.00235
3604, 6.620950, -29, 500, 0.00000, 0.00017
3605, 6.624962, -29, 500, 0.00000, -0.00019
3606, 6.629452, -29, 500, 0.00000, -0.00414
3607, 6.635131, -29, 500, 0.00000, -0.00055
3608, 6.639463, -29, 500, 0.00000, 0.00017
3609, 6.643983, -29, 500, 0.00000, -0.00019
3610, 6.648339, -29, 500, 0.00000, 0.00340
3611, 6.652628, -29, 500, 0.00000, 0.00161
3612, 6.657169, -29, 500, 0.00000, 0.00053
3613, 6.662184, -29, 500, 0.00000, 0.00017
3614, 6.667345, -29, 500, 0.00000, -0.00019
3615, 6.672698, -29, 500, 0.00000, 0.00053
3616, 6.677698, -29, 500, 0.00000, 0.00269
3617, 6.682348, -29, 500, 0.00000, -0.00019
3618, 6.687238, -29, 500, 0.00000, -0.00594
3619, 6.691446, -29, 500, 0.00000, -0.00055
3620, 6.696691, -29, 500, 0.00000, 0.00161
3621, 6.700399, -29, 500, 0.00000, -0.00199
3622, 6.704633, -29, 500, 0.00000, -0.00558
3623, 6.709492, -29, 500, 0.00000, 0.00089
3624, 6.714629, -29, 500, 0.00000, 0.00197
3625, 6.719356, -29, 500, 0.00000, -0.00091
3626, 6.723887, -29, 500, 0.00000, 0.00053
3627, 6.728244, -29, 500, 0.00000, -0.00055
3628, 6.733887, -29, 500, 0.00000, 0.00017
3629, 6.739630, -29, 500, 0.00000, 0.00053
3630, 6.744704, -29, 500, 0.00000, -0.00091
3631, 6.750310, -29, 500, 0.00000, -0.00055
3632, 6.755236, -29, 500, 0.00000, 0.00161
3633, 6.759262, -29, 500, 0.00000, 0.00484
3634, 6.763265, -29, 500, 0.00000, 0.00520
3635, 6.768162, -29, 500, 0.00000, -0.00019
3636, 6.772816, -29, 500, 0.00000, -0.00055
3637, 6.777154, -29, 500, 0.00000, -0.00235
3638, 6.781247, -29, 500, 0.00000, 0.00053
3639, 6.785227, -29, 500, 0.00000, 0.00089
3640, 6.789161, -29, 500, 0.00000, -0.00055
3641, 6.793240, -29, 500, 0.00000, -0.00055
3642, 6.797663, -29, 500, 0.00000, -0.00055
3643, 6.801970, -29, 500, 0.00000, 0.00017
3644, 6.805887, -29, 500, 0.00000, -0.00055
3645, 6.809494, -29, 500, 0.00000, 0.00161
3646, 6.813415, -29, 500, 0.00000, -0.00235
3647, 6.817887, -29, 500, 0.00000, 0.00053
3648, 6.821887, -29, 500, 0.00000, -0.00019
3649, 6.825887, -29, 500, 0.00000, 0.00017
3650, 6.829696, -29, 500, 0.00000, -0.00091
3651, 6.833889, -29, 500, 0.00000, 0.00089
3652, 6.837780, -29, 500, 0.00000, 0.00017
3653, 6.842402, -29, 500, 0.00000, 0.00089
3654, 6.847715, -29, 500, 0.00000, -0.00055
3655, 6.851683, -29, 500, 0.00000, 0.00125
3656, 6.857399, -29, 500, 0.00000, 0.00053
3657, 6.861902, -29, 500, 0.00000, 0.00017
3658, 6.866134, -29, 500, 0.00000, -0.00127
3659, 6.870155, -29, 500, 0.00000, -0.00055
3660, 6.874402, -29, 500, 0.00000, -0.00019
3661, 6.880497, -29, 500, 0.00000, 0.00017
3662, 6.885887, -29, 500, 0.00000, 0.00053
3663, 6.890902, -29, 500, 0.00000, 0.00017
3664, 6.895758, -29, 500, 0.00000, 0.00053
3665, 6.899887, -29, 500, 0.00000, -0.00055
3666, 6.904149, -29, 500, 0.00000, -0.00019
3667, 6.909997, -29, 500, 0.00000, 0.00197
3668, 6.914675, -29, 500, 0.00000, -0.00019
3669, 6.918707, -29, 500, 0.00000, -0.00091
3670, 6.922392, -29, 500, 0.00000, 0.00197
3671, 6.926367, -29, 500, 0.00000, 0.00412
3672, 6.930698, -29, 500, 0.00000, 0.00053
3673, 6.934420, -29, 500, 0.00000, 0.00089
3674, 6.938329, -29, 500, 0.00000, 0.00017
3675, 6.942152, -29, 500, 0.00000, -0.00055
3676, 6.946201, -29, 500, 0.00000, 0.00448
3677, 6.950126, -29, 500, 0.00000, -0.00091
3678, 6.954158, -29, 500, 0.00000, 0.00053
3679, 6.958137, -29, 500, 0.00000, -0.00019
3680, 6.962195, -29, 500, 0.00000, -0.00199
3681, 6.966203, -29, 500, 0.00000, 0.00125
3682, 6.970135, -29, 500, 0.00000, 0.00125
3683, 6.974421, -29, 500, 0.00000, 0.00053
3684, 6.978456, -29, 500, 0.00000, 0.00053
3685, 6.982354, -29, 500, 0.00000, -0.00235
3686, 6.987402, -29, 500, 0.00000, -0.00019
3687, 6.993127, -29, 500, 0.00000, 0.00053
3688, 6.999202, -29, 500, 0.00000, -0.00055
3689, 7.003440, -29, 500, 0.00000, -0.00055
3690, 7.007657, -29, 500, 0.00000, 0.00233
3691, 7.011657, -29, 500, 0.00000, -0.00019
3692, 7.017156, -29, 500, 0.00000, -0.00163
3693, 7.022645, -29, 500, 0.20000, 0.00017
3694, 7.028391, -29, 500, 0.20000, 0.00304
3695, 7.032699, -29, 500, 0.20000, 0.01742
3696, 7.036485, -29, 500, 0.20000, 0.02964
3697, 7.040384, -29, 500, 0.20000, 0.05121
3698, 7.044368, -29, 500, 0.20000, 0.06882
3699, 7.048448, -29, 500, 0.20000, 0.09399
3700, 7.052368, -29, 500, 0.20000, 0.11699
3701, 7.056684, -29, 500, 0.20000, 0.14754
3702, 7.060403, -29, 500, 0.20000, 0.15905
3703, 7.064672, -29, 500, 0.20000, 0.17846
3704, 7.068642, -29, 500, 0.20000, 0.19427
3705, 7.073160, -29, 500, 0.20000, 0.20793
3706, 7.078454, -29, 500, 0.20000, 0.21836
3707, 7.084190, -29, 500, 0.20000, 0.22698
3708, 7.088691, -29, 500, 0.20000, 0.22986
3709, 7.093136, -29, 500, 0.20000, 0.23130
3710, 7.097899, -29, 500, 0.20000, 0.23022
3711, 7.102887, -29, 500, 0.20000, 0.22770
3712, 7.107325, -29, 500, 0.20000, 0.22519
3713, 7.112888, -29, 500, 0.20000, 0.21979
3714, 7.117442, -29, 500, 0.20000, 0.21440
3715, 7.122169, -29, 500, 0.20000, 0.21045
3716, 7.128352, -29, 500, 0.20000, 0.20470
3717, 7.133696, -29, 500, 0.20000, 0.20146
3718, 7.139168, -29, 500, 0.20000, 0.19895
3719, 7.144896, -29, 500, 0.20000, 0.19643
3720, 7.150130, -29, 500, 0.20000, 0.19499
3721, 7.155760, -29, 500, 0.20000, 0.19751
3722, 7.159428, -29, 500, 0.20000, 0.19499
3723, 7.163436, -29, 500, 0.20000, 0.19535
3724, 7.167462, -29, 500, 0.20000, 0.18061
3725, 7.171466, -29, 500, 0.20000, 0.19607
3726, 7.175642, -29, 500, 0.20000, 0.19391
3727, 7.179445, -29, 500, 0.20000, 0.19715
3728, 7.183451, -29, 500, 0.20000, 0.19499
3729, 7.187479, -29, 500, 0.20000, 0.19859
3730, 7.191659, -29, 500, 0.20000, 0.19931
3731, 7.195650, -29, 500, 0.20000, 0.19895
3732, 7.199775, -29, 500, 0.20000, 0.19859
3733, 7.203949, -29, 500, 0.20000, 0.20146
3734, 7.209641, -29, 500, 0.20000, 0.20110
3735, 7.215233, -29, 500, 0.20000, 0.19931
3736, 7.220771, -29, 500, 0.20000, 0.19967
3737, 7.226464, -29, 500, 0.20000, 0.20002
3738, 7.230660, -29, 500, 0.20000, 0.20074
3739, 7.234654, -29, 500, 0.20000, 0.19931
3740, 7.239708, -29, 500, 0.20000, 0.20326
3741, 7.245888, -29, 500, 0.20000, 0.20254
3742, 7.251660, -29, 500, 0.20000, 0.20002
3743, 7.257906, -29, 500, 0.20000, 0.19967
3744, 7.262715, -29, 500, 0.20000, 0.19895
3745, 7.267689, -29, 500, 0.20000, 0.19967
3746, 7.273148, -29, 500, 0.20000, 0.20110
3747, 7.277983, -29, 500, 0.20000, 0.19895
3748, 7.283887, -29, 500, 0.20000, 0.19895
3749, 7.289352, -29, 500, 0.20000, 0.19967
3750, 7.294974, -29, 500, 0.20000, 0.19931
3751, 7.300706, -29, 500, 0.20000, 0.20110
3752, 7.305966, -29, 500, 0.20000, 0.19967
3753, 7.310173, -29, 500, 0.20000, 0.19967
3754, 7.314136, -29, 500, 0.20000, 0.20002
3755, 7.318983, -29, 500, 0.20000, 0.20002
3756, 7.324474, -29, 500, 0.20000, 0.20038
3757, 7.330493, -29, 500, 0.20000, 0.19931
3758, 7.335968, -29, 500, 0.20000, 0.20650
3759, 7.340367, -29, 500, 0.20000, 0.19931
3760, 7.345912, -29, 500, 0.20000, 0.19895
3761, 7.351888, -29, 500, 0.20000, 0.19967
3762, 7.357135, -29, 500, 0.20000, 0.20326
3763, 7.362888, -29, 500, 0.20000, 0.19931
3764, 7.366655, -29, 500, 0.20000, 0.20002
3765, 7.370453, -29, 500, 0.20000, 0.20146
3766, 7.374634, -29, 500, 0.20000, 0.20074
3767, 7.378360, -29, 500, 0.20000, 0.20002
3768, 7.382405, -29, 500, 0.20000, 0.19751
3769, 7.386652, -29, 500, 0.20000, 0.19931
3770, 7.390887, -29, 500, 0.20000, 0.19931
3771, 7.396403, -29, 500, 0.20000, 0.19859
3772, 7.400887, -29, 500, 0.20000, 0.20542
3773, 7.404696, -29, 500, 0.20000, 0.19967
3774, 7.408697, -29, 500, 0.20000, 0.20074
3775, 7.412447, -29, 500, 0.20000, 0.19931
3776, 7.416496, -29, 500, 0.20000, 0.20074
3777, 7.420368, -29, 500, 0.20000, 0.19967
3778, 7.424452, -29, 500, 0.20000, 0.20038
3779, 7.429690, -29, 500, 0.20000, 0.19859
3780, 7.434159, -29, 500, 0.20000, 0.19823
3781, 7.438136, -29, 500, 0.20000, 0.20002
3782, 7.442449, -29, 500, 0.20000, 0.20038
3783, 7.446403, -29, 500, 0.20000, 0.20110
3784, 7.450466, -29, 500, 0.20000, 0.19571
3785, 7.455692, -29, 500, 0.20000, 0.20002
3786, 7.461700, -29, 500, 0.20000, 0.20146
3787, 7.467622, -29, 500, 0.20000, 0.19931
3788, 7.473157, -29, 500, 0.20000, 0.20074
3789, 7.478750, -29, 500, 0.20000, 0.19859
3790, 7.483886, -29, 500, 0.20000, 0.19895
3791, 7.489648, -29, 500, 0.20000, 0.20002
3792, 7.495147, -29, 500, 0.20000, 0.20002
3793, 7.500403, -29, 500, 0.20000, 0.20002
3794, 7.504643, -29, 500, 0.20000, 0.19931
3795, 7.508440, -29, 500, 0.20000, 0.19895
3796, 7.512636, -29, 500, 0.20000, 0.20038
3797, 7.516631, -29, 500, 0.20000, 0.20038
3798, 7.520710, -29, 500, 0.20000, 0.20002
3799, 7.524696, -29, 500, 0.20000, 0.19967
3800, 7.528430, -29, 500, 0.20000, 0.20038
3801, 7.532720, -29, 500, 0.20000, 0.19931
3802, 7.536983, -29, 500, 0.20000, 0.20002
3803, 7.542315, -29, 500, 0.20000, 0.20110
3804, 7.548398, -29, 500, 0.20000, 0.19967
3805, 7.552952, -29, 500, 0.20000, 0.19967
3806, 7.556950, -29, 500, 0.20000, 0.19931
3807, 7.561334, -29, 500, 0.20000, 0.20146
3808, 7.566175, -29, 500, 0.20000, 0.20757
3809, 7.572179, -29, 500, 0.20000, 0.20038
3810, 7.578685, -29, 500, 0.20000, 0.19895
3811, 7.584412, -29, 500, 0.20000, 0.20038
3812, 7.590702, -29, 500, 0.20000, 0.18996
3813, 7.596623, -29, 500, 0.20000, 0.20038
3814, 7.602895, -29, 500, 0.20000, 0.20110
3815, 7.608638, -29, 500, 0.20000, 0.20038
3816, 7.613155, -29, 500, 0.20000, 0.20182
3817, 7.617136, -29, 500, 0.20000, 0.19967
3818, 7.620458, -29, 500, 0.20000, 0.19607
3819, 7.624691, -29, 500, 0.20000, 0.19895
3820, 7.628497, -29, 500, 0.20000, 0.19931
3821, 7.633336, -29, 500, 0.20000, 0.19895
3822, 7.639224, -29, 500, 0.20000, 0.20002
3823, 7.645216, -29, 500, 0.20000, 0.20110
3824, 7.650263, -29, 500, 0.20000, 0.20074
3825, 7.654135, -29, 500, 0.20000, 0.20362
3826, 7.658137, -29, 500, 0.20000, 0.20038
3827, 7.661950, -29, 500, 0.20000, 0.19931
3828, 7.666156, -29, 500, 0.20000, 0.19895
3829, 7.670154, -29, 500, 0.20000, 0.20290
3830, 7.674315, -29, 500, 0.20000, 0.20110
3831, 7.680123, -29, 500, 0.20000, 0.20038
3832, 7.685968, -29, 500, 0.20000, 0.20002
3833, 7.691656, -29, 500, 0.20000, 0.20038
3834, 7.697449, -29, 500, 0.20000, 0.20074
3835, 7.702715, -29, 500, 0.20000, 0.20002
3836, 7.709175, -29, 500, 0.20000, 0.20002
3837, 7.714903, -29, 500, 0.20000, 0.19679
3838, 7.720802, -29, 500, 0.20000, 0.20002
3839, 7.725136, -29, 500, 0.20000, 0.20074
3840, 7.728949, -29, 500, 0.20000, 0.20182
3841, 7.732888, -29, 500, 0.20000, 0.20002
3842, 7.737210, -29, 500, 0.20000, 0.20002
3843, 7.741702, -29, 500, 0.20000, 0.19967
3844, 7.747646, -29, 500, 0.20000, 0.20074
3845, 7.752739, -29, 500, 0.20000, 0.19859
3846, 7.757136, -29, 500, 0.20000, 0.20038
3847, 7.760950, -29, 500, 0.20000, 0.20002
3848, 7.764958, -29, 500, 0.20000, 0.19931
3849, 7.770240, -29, 500, 0.20000, 0.19967
3850, 7.775814, -29, 500, 0.20000, 0.19967
3851, 7.780457, -29, 500, 0.20000, 0.19967
3852, 7.784346, -29, 500, 0.20000, 0.20146
3853, 7.788348, -29, 500, 0.20000, 0.20074
3854, 7.792393, -29, 500, 0.20000, 0.20002
3855, 7.796625, -29, 500, 0.20000, 0.20002
3856, 7.800630, -29, 500, 0.20000, 0.20038
3857, 7.804458, -29, 500, 0.20000, 0.20002
3858, 7.808384, -29, 500, 0.20000, 0.19931
3859, 7.812706, -29, 500, 0.20000, 0.19895
3860, 7.816627, -29, 500, 0.20000, 0.19859
3861, 7.820634, -29, 500, 0.20000, 0.19823
3862, 7.824332, -29, 500, 0.20000, 0.20146
3863, 7.828382, -29, 500, 0.20000, 0.20038
3864, 7.832403, -29, 500, 0.20000, 0.19895
3865, 7.836659, -29, 500, 0.20000, 0.19967
3866, 7.840632, -29, 500, 0.20000, 0.19931
3867, 7.844690, -29, 500, 0.20000, 0.19967
3868, 7.848700, -29, 500, 0.20000, 0.19967
3869, 7.853325, -29, 500, 0.20000, 0.20074
3870, 7.858435, -29, 500, 0.20000, 0.20038
3871, 7.863713, -29, 500, 0.20000, 0.19967
3872, 7.867394, -29, 500, 0.20000, 0.19787
3873, 7.871674, -29, 500, 0.20000, 0.19607
3874, 7.875964, -29, 500, 0.20000, 0.20074
3875, 7.880752, -29, 500, 0.20000, 0.19751
3876, 7.886630, -29, 500, 0.20000, 0.19967
3877, 7.892146, -29, 500, 0.20000, 0.20038
3878, 7.898198, -29, 500, 0.20000, 0.20002
3879, 7.903762, -29, 500, 0.20000, 0.19967
3880, 7.907709, -29, 500, 0.20000, 0.19931
3881, 7.911665, -29, 500, 0.20000, 0.19895
3882, 7.915350, -29, 500, 0.20000, 0.19751
3883, 7.919733, -29, 500, 0.20000, 0.20038
3884, 7.923685, -29, 500, 0.20000, 0.20038
3885, 7.927650, -29, 500, 0.20000, 0.20002
3886, 7.931457, -29, 500, 0.20000, 0.19571
3887, 7.935699, -29, 500, 0.20000, 0.19967
3888, 7.940384, -29, 500, 0.20000, 0.20002
3889, 7.944380, -29, 500, 0.20000, 0.20002
3890, 7.949132, -29, 500, 0.20000, 0.19859
3891, 7.953135, -29, 500, 0.20000, 0.20038
3892, 7.957413, -29, 500, 0.20000, 0.20146
3893, 7.962220, -29, 500, 0.20000, 0.20002
3894, 7.967893, -29, 500, 0.20000, 0.19931
3895, 7.974232, -29, 500, 0.20000, 0.20326
3896, 7.980139, -29, 500, 0.20000, 0.19931
3897, 7.985195, -29, 500, 0.20000, 0.19967
3898, 7.989886, -29, 500, 0.20000, 0.19895
3899, 7.996635, -29, 500, 0.20000, 0.20290
3900, 8.002705, -29, 500, 0.20000, 0.19931
3901, 8.009129, -29, 500, 0.20000, 0.20038
3902, 8.015139, -29, 500, 0.20000, 0.20182
3903, 8.021398, -29, 500, 0.20000, 0.19859
3904, 8.027367, -29, 500, 0.00000, 0.19931
3905, 8.032805, -29, 500, 0.00000, 0.19823
3906, 8.038815, -29, 500, 0.00000, 0.17882
3907, 8.043749, -29, 500, 0.00000, 0.15545
3908, 8.047759, -29, 500, 0.00000, 0.13353
3909, 8.051888, -29, 500, 0.00000, 0.11376
3910, 8.055950, -29, 500, 0.00000, 0.08752
3911, 8.060135, -29, 500, 0.00000, 0.06307
3912, 8.063941, -29, 500, 0.00000, 0.04582
3913, 8.068184, -29, 500, 0.00000, 0.02461
3914, 8.072713, -29, 500, 0.00000, -0.00019
3915, 8.078477, -29, 500, 0.00000, -0.00882
3916, 8.084887, -29, 500, 0.00000, -0.02140
3917, 8.090141, -29, 500, 0.00000, -0.02715
3918, 8.095387, -29, 500, 0.00000, -0.02967
3919, 8.099403, -29, 500, 0.00000, -0.03074
3920, 8.104918, -29, 500, 0.00000, -0.02931
3921, 8.110701, -29, 500, 0.00000, -0.02463
3922, 8.116684, -29, 500, 0.00000, -0.01960
3923, 8.123204, -29, 500, 0.00000, -0.01349
3924, 8.128124, -29, 500, 0.00000, -0.00918
3925, 8.133446, -29, 500, 0.00000, -0.00522
3926, 8.137713, -29, 500, 0.00000, -0.00271
3927, 8.141447, -29, 500, 0.00000, 0.00053
3928, 8.145746, -29, 500, 0.00000, 0.00089
3929, 8.149661, -29, 500, 0.00000, 0.00197
3930, 8.153646, -29, 500, 0.00000, 0.00197
3931, 8.157411, -29, 500, 0.00000, -0.00091
3932, 8.161650, -29, 500, 0.00000, 0.00304
3933, 8.165456, -29, 500, 0.00000, 0.00376
3934, 8.169431, -29, 500, 0.00000, 0.00269
3935, 8.173681, -29, 500, 0.00000, 0.00376
3936, 8.178140, -29, 500, 0.00000, 0.00412
3937, 8.182655, -29, 500, 0.00000, 0.00089
3938, 8.187740, -29, 500, 0.00000, 0.00197
3939, 8.193448, -29, 500, 0.00000, 0.00125
3940, 8.199270, -29, 500, 0.00000, 0.00017
3941, 8.204362, -29, 500, 0.00000, -0.00019
3942, 8.209409, -29, 500, 0.00000, -0.00055
3943, 8.215224, -29, 500, 0.00000, -0.00127
3944, 8.220765, -29, 500, 0.00000, -0.00055
3945, 8.225383, -29, 500, 0.00000, -0.00271
3946, 8.229949, -29, 500, 0.00000, -0.00019
3947, 8.234306, -29, 500, 0.00000, -0.00199
3948, 8.238215, -29, 500, 0.00000, -0.00091
3949, 8.242415, -29, 500, 0.00000, 0.00017
3950, 8.246397, -29, 500, 0.00000, -0.00091
3951, 8.250731, -29, 500, 0.00000, 0.00053
3952, 8.254296, -29, 500, 0.00000, 0.00161
3953, 8.258334, -29, 500, 0.00000, -0.00343
3954, 8.262486, -29, 500, 0.00000, 0.00017
3955, 8.267314, -29, 500, 0.00000, 0.00161
3956, 8.271156, -29, 500, 0.00000, 0.00089
3957, 8.275238, -29, 500, 0.00000, -0.00091
3958, 8.279385, -29, 500, 0.00000, 0.00125
3959, 8.283466, -29, 500, 0.00000, -0.00055
3960, 8.287724, -29, 500, 0.00000, -0.00019
3961, 8.291966, -29, 500, 0.00000, -0.00019
3962, 8.296206, -29, 500, 0.00000, -0.00019
3963, 8.300638, -29, 500, 0.00000, -0.00235
3964, 8.304706, -29, 500, 0.00000, -0.00055
3965, 8.309164, -29, 500, 0.00000, -0.00019
3966, 8.313161, -29, 500, 0.00000, -0.00019
3967, 8.317487, -29, 500, 0.00000, -0.00055
3968, 8.322359, -29, 500, 0.00000, -0.00055
3969, 8.327357, -29, 500, 0.00000, 0.00053
3970, 8.332902, -29, 500, 0.00000, -0.00199
3971, 8.338151, -29, 500, 0.00000, -0.00019
3972, 8.342201, -29, 500, 0.00000, -0.00127
3973, 8.346384, -29, 500, 0.00000, 0.00161
3974, 8.350631, -29, 500, 0.00000, -0.00091
3975, 8.355146, -29, 500, 0.00000, 0.00053
3976, 8.359159, -29, 500, 0.00000, 0.00484
3977, 8.362887, -29, 500, 0.00000, 0.00017
3978, 8.366965, -29, 500, 0.00000, -0.00055
3979, 8.371157, -29, 500, 0.00000, 0.00197
3980, 8.375384, -29, 500, 0.00000, 0.00161
3981, 8.379660, -29, 500, 0.00000, 0.00017
3982, 8.383962, -29, 500, 0.00000, 0.00772
3983, 8.388186, -29, 500, 0.00000, -0.00019
3984, 8.392233, -29, 500, 0.00000, 0.00125
3985, 8.396651, -29, 500, 0.00000, -0.00127
3986, 8.400668, -29, 500, 0.00000, -0.00055
3987, 8.405388, -29, 500, 0.00000, 0.00053
3988, 8.410235, -29, 500, 0.00000, -0.00091
3989, 8.414635, -29, 500, 0.00000, 0.00376
3990, 8.420266, -29, 500, 0.00000, 0.00053
3991, 8.425473, -29, 500, 0.00000, 0.00017
3992, 8.429741, -29, 500, 0.00000, 0.00089
3993, 8.435261, -29, 500, 0.00000, -0.00055
3994, 8.440903, -29, 500, 0.00000, 0.00053
3995, 8.445950, -29, 500, 0.00000, 0.00017
3996, 8.450752, -29, 500, 0.00000, -0.00091
3997, 8.454958, -29, 500, 0.00000, -0.00055
3998, 8.459213, -29, 500, 0.00000, 0.00053
3999, 8.463277, -29, 500, 0.00000, 0.00161
4000, 8.467325, -29, 500, 0.00000, -0.00414
4001, 8.471384, -29, 500, 0.00000, 0.00556
4002, 8.476738, -29, 500, 0.00000, -0.00019
4003, 8.480753, -29, 500, 0.00000, 0.00053
4004, 8.484887, -29, 500, 0.00000, 0.00089
4005, 8.489198, -29, 500, 0.00000, 0.00017
4006, 8.493185, -29, 500, 0.00000, 0.00017
4007, 8.497134, -29, 500, 0.00000, 0.00161
4008, 8.500977, -29, 500, 0.00000, -0.00091
4009, 8.504888, -29, 500, 0.00000, -0.00091
4010, 8.509135, -29, 500, 0.00000, 0.00520
4011, 8.513331, -29, 500, 0.00000, 0.00340
4012, 8.518782, -29, 500, 0.00000, -0.00055
4013, 8.523669, -29, 500, 0.00000, -0.00055
4014, 8.528888, -29, 500, 0.00000, 0.00017
4015, 8.532888, -29, 500, 0.00000, -0.00091
4016, 8.536646, -29, 500, 0.00000, -0.00055
4017, 8.541148, -29, 500, 0.00000, 0.00017
4018, 8.545143, -29, 500, 0.00000, -0.00019
4019, 8.549436, -29, 500, 0.00000, -0.00127
4020, 8.554628, -29, 500, 0.00000, 0.00017
4021, 8.559650, -29, 500, 0.00000, 0.00017
4022, 8.563479, -29, 500, 0.00000, -0.00019
4023, 8.567483, -29, 500, 0.00000, -0.00019
4024, 8.571650, -29, 500, 0.00000, 0.00017
4025, 8.575408, -29, 500, 0.00000, 0.00484
4026, 8.579451, -29, 500, 0.00000, -0.00055
4027, 8.583656, -29, 500, 0.00000, 0.00089
4028, 8.587402, -29, 500, 0.00000, 0.00161
4029, 8.591333, -29, 500, 0.00000, -0.00235
4030, 8.595624, -29, 500, 0.00000, -0.00127
4031, 8.600389, -29, 500, 0.00000, -0.00019
4032, 8.605354, -29, 500, 0.00000, 0.00053
4033, 8.609795, -29, 500, 0.00000, 0.00161
4034, 8.614659, -29, 500, 0.00000, -0.00091
4035, 8.618712, -29, 500, 0.00000, -0.00019
4036, 8.622959, -29, 500, 0.00000, -0.00055
4037, 8.627886, -29, 500, 0.00000, -0.00019
4038, 8.632704, -29, 500, 0.00000, -0.00055
4039, 8.637373, -29, 500, 0.00000, -0.00127
4040, 8.642455, -29, 500, 0.00000, 0.00017
4041, 8.647333, -29, 500, 0.00000, 0.00089
4042, 8.651630, -29, 500, 0.00000, -0.00019
4043, 8.656368, -29, 500, 0.00000, 0.00053
4044, 8.661466, -29, 500, 0.00000, 0.00017
4045, 8.667718, -29, 500, 0.00000, -0.00163
4046, 8.673264, -29, 500, 0.00000, 0.00017
4047, 8.678636, -29, 500, 0.00000, 0.00233
4048, 8.683986, -29, 500, 0.00000, 0.00125
4049, 8.688888, -29, 500, 0.00000, -0.00019
4050, 8.694194, -29, 500, 0.00000, -0.00055
4051, 8.699706, -29, 500, 0.00000, -0.00055
4052, 8.705357, -29, 500, 0.00000, 0.00017
4053, 8.709384, -29, 500, 0.00000, 0.00161
4054, 8.713330, -29, 500, 0.00000, 0.00017
4055, 8.717362, -29, 500, 0.00000, -0.00127
4056, 8.721476, -29, 500, 0.00000, -0.00019
4057, 8.725498, -29, 500, 0.00000, 0.00017
4058, 8.729651, -29, 500, 0.00000, -0.00055
4059, 8.733691, -29, 500, 0.00000, -0.00091
4060, 8.738151, -29, 500, 0.00000, 0.00017
4061, 8.742705, -29, 500, 0.00000, 0.00089
4062, 8.746886, -29, 500, 0.00000, -0.00055
4063, 8.750970, -29, 500, 0.00000, -0.00019
4064, 8.755235, -29, 500, 0.00000, 0.00053
4065, 8.759327, -29, 500, 0.00000, 0.00089
4066, 8.763383, -29, 500, 0.00000, 0.00269
4067, 8.767238, -29, 500, 0.00000, 0.00197
4068, 8.771408, -29, 500, 0.00000, -0.00091
4069, 8.775387, -29, 500, 0.00000, 0.00017
4070, 8.779311, -29, 500, 0.00000, -0.00091
4071, 8.783648, -29, 500, 0.00000, -0.00091
4072, 8.788164, -29, 500, 0.00000, 0.00017
4073, 8.792248, -29, 500, 0.00000, 0.00053
4074, 8.796251, -29, 500, 0.00000, -0.00055
4075, 8.800330, -29, 500, 0.00000, -0.00091
4076, 8.804667, -29, 500, 0.00000, -0.00019
4077, 8.809152, -29, 500, 0.00000, 0.00017
4078, 8.813239, -29, 500, 0.00000, 0.00053
4079, 8.817237, -29, 500, 0.00000, -0.00127
4080, 8.821652, -29, 500, 0.00000, -0.00163
4081, 8.825720, -29, 500, 0.00000, 0.00017
4082, 8.829967, -29, 500, 0.00000, -0.00019
4083, 8.834225, -29, 500, 0.00000, 0.00412
4084, 8.838892, -29, 500, 0.00000, -0.00091
4085, 8.843483, -29, 500, 0.00000, 0.00412
4086, 8.847956, -29, 500, 0.00000, 0.00053
4087, 8.852134, -29, 500, 0.00000, -0.00091
4088, 8.856380, -29, 500, 0.00000, -0.00235
4089, 8.861887, -29, 500, 0.00000, -0.00019
4090, 8.866735, -29, 500, 0.00000, 0.00053
4091, 8.871201, -29, 500, 0.00000, 0.00089
4092, 8.875152, -29, 500, 0.00000, 0.00089
4093, 8.879379, -29, 500, 0.00000, 0.00017
4094, 8.883425, -29, 500, 0.00000, -0.00163
4095, 8.888659, -29, 500, 0.00000, 0.00053
4096, 8.892418, -29, 500, 0.00000, 0.00053
4097, 8.896221, -29, 500, 0.00000, -0.00019
4098, 8.900233, -29, 500, 0.00000, -0.00055
4099, 8.904283, -29, 500, 0.00000, 0.00340
4100, 8.908149, -29, 500, 0.00000, 0.00412
4101, 8.912141, -29, 500, 0.00000, -0.00091
4102, 8.916164, -29, 500, 0.00000, -0.00271
4103, 8.920389, -29, 500, 0.00000, -0.00019
4104, 8.924702, -29, 500, 0.00000, -0.00055
4105, 8.928693, -29, 500, 0.00000, -0.00271
4106, 8.932751, -29, 500, 0.00000, -0.00127
4107, 8.936748, -29, 500, 0.00000, 0.00089
4108, 8.942663, -29, 500, 0.00000, 0.00053
4109, 8.947204, -29, 500, 0.00000, -0.00199
4110, 8.951261, -29, 500, 0.00000, 0.00017
4111, 8.955430, -29, 500, 0.00000, -0.00019
4112, 8.961406, -29, 500, 0.00000, -0.00055
4113, 8.967165, -29, 500, 0.00000, -0.00055
4114, 8.972635, -29, 500, 0.00000, 0.00125
4115, 8.978220, -29, 500, 0.00000, 0.00053
4116, 8.982139, -29, 500, 0.00000, 0.00197
4117, 8.985738, -29, 500, 0.00000, -0.00199
4118, 8.990152, -29, 500, 0.00000, 0.00269
4119, 8.994402, -29, 500, 0.00000, 0.00017
4120, 8.998979, -29, 500, 0.00000, -0.00091
4121, 9.005182, -29, 500, 0.00000, 0.00017
4122, 9.010480, -29, 500, 0.00000, -0.00019
4123, 9.016887, -29, 500, 0.00000, -0.00055
4124, 9.023153, -29, 500, 0.00000, 0.00412
4125, 9.028679, -29, 500, 0.20000, -0.00019
4126, 9.033886, -29, 500, 0.20000, 0.00161
4127, 9.037887, -29, 500, 0.20000, 0.01131
4128, 9.041632, -29, 500, 0.20000, 0.02497
4129, 9.045633, -29, 500, 0.20000, 0.04654
4130, 9.049684, -29, 500, 0.20000, 0.06811
4131, 9.053650, -29, 500, 0.20000, 0.09183
4132, 9.057654, -29, 500, 0.20000, 0.11483
4133, 9.061656, -29, 500, 0.20000, 0.13532
4134, 9.066146, -29, 500, 0.20000, 0.15869
4135, 9.071155, -29, 500, 0.20000, 0.18097
4136, 9.077129, -29, 500, 0.20000, 0.20326
4137, 9.081951, -29, 500, 0.20000, 0.20973
4138, 9.086133, -29, 500, 0.20000, 0.22195
4139, 9.090231, -29, 500, 0.20000, 0.22411
4140, 9.094633, -29, 500, 0.20000, 0.22878
4141, 9.100653, -29, 500, 0.20000, 0.22842
4142, 9.105666, -29, 500, 0.20000, 0.22950
4143, 9.111222, -29, 500, 0.20000, 0.22591
4144, 9.116321, -29, 500, 0.20000, 0.22159
4145, 9.120447, -29, 500, 0.20000, 0.21764
4146, 9.124488, -29, 500, 0.20000, 0.21620
4147, 9.128630, -29, 500, 0.20000, 0.20973
4148, 9.132454, -29, 500, 0.20000, 0.20650
4149, 9.136488, -29, 500, 0.20000, 0.20757
4150, 9.140935, -29, 500, 0.20000, 0.20218
4151, 9.147460, -29, 500, 0.20000, 0.20146
4152, 9.152352, -29, 500, 0.20000, 0.19571
4153, 9.158236, -29, 500, 0.20000, 0.19499
4154, 9.164134, -29, 500, 0.20000, 0.18457
4155, 9.168224, -29, 500, 0.20000, 0.19391
4156, 9.172222, -29, 500, 0.20000, 0.19427
4157, 9.176396, -29, 500, 0.20000, 0.19607
4158, 9.182146, -29, 500, 0.20000, 0.19463
4159, 9.187487, -29, 500, 0.20000, 0.19607
4160, 9.193129, -29, 500, 0.20000, 0.19679
4161, 9.197714, -29, 500, 0.20000, 0.19787
4162, 9.201891, -29, 500, 0.20000, 0.19859
4163, 9.207135, -29, 500, 0.20000, 0.20110
4164, 9.212657, -29, 500, 0.20000, 0.19895
4165, 9.218237, -29, 500, 0.20000, 0.20038
4166, 9.224163, -29, 500, 0.20000, 0.20038
4167, 9.229493, -29, 500, 0.20000, 0.20074
4168, 9.235423, -29, 500, 0.20000, 0.20470
4169, 9.241406, -29, 500, 0.20000, 0.20146
4170, 9.247676, -29, 500, 0.20000, 0.20470
4171, 9.253239, -29, 500, 0.20000, 0.19967
4172, 9.258456, -29, 500, 0.20000, 0.20146
4173, 9.263676, -29, 500, 0.20000, 0.20002
4174, 9.269648, -29, 500, 0.20000, 0.20002
4175, 9.275174, -29, 500, 0.20000, 0.19751
4176, 9.279703, -29, 500, 0.20000, 0.20002
4177, 9.283696, -29, 500, 0.20000, 0.20002
4178, 9.288228, -29, 500, 0.20000, 0.19967
4179, 9.294214, -29, 500, 0.20000, 0.19859
4180, 9.299267, -29, 500, 0.20000, 0.19967
4181, 9.303717, -29, 500, 0.20000, 0.19931
4182, 9.307776, -29, 500, 0.20000, 0.19895
4183, 9.311961, -29, 500, 0.20000, 0.19859
4184, 9.316886, -29, 500, 0.20000, 0.20038
4185, 9.322973, -29, 500, 0.20000, 0.20002
4186, 9.328342, -29, 500, 0.20000, 0.20038
4187, 9.332628, -29, 500, 0.20000, 0.19895
4188, 9.336443, -29, 500, 0.20000, 0.20362
4189, 9.340698, -29, 500, 0.20000, 0.19967
4190, 9.344446, -29, 500, 0.20000, 0.19967
4191, 9.348384, -29, 500, 0.20000, 0.19931
4192, 9.352297, -29, 500, 0.20000, 0.20146
4193, 9.356125, -29, 500, 0.20000, 0.20002
4194, 9.359958, -29, 500, 0.20000, 0.20038
4195, 9.364139, -29, 500, 0.20000, 0.20038
4196, 9.368298, -29, 500, 0.20000, 0.18960
4197, 9.372225, -29, 500, 0.20000, 0.20254
4198, 9.376142, -29, 500, 0.20000, 0.19859
4199, 9.380181, -29, 500, 0.20000, 0.19931
4200, 9.386446, -29, 500, 0.20000, 0.19895
4201, 9.391893, -29, 500, 0.20000, 0.19607
4202, 9.396720, -29, 500, 0.20000, 0.19679
4203, 9.400432, -29, 500, 0.20000, 0.20002
4204, 9.404656, -29, 500, 0.20000, 0.19859
4205, 9.408651, -29, 500, 0.20000, 0.19967
4206, 9.412640, -29, 500, 0.20000, 0.20038
4207, 9.416383, -29, 500, 0.20000, 0.20074
4208, 9.420699, -29, 500, 0.20000, 0.19967
4209, 9.424399, -29, 500, 0.20000, 0.19967
4210, 9.428990, -29, 500, 0.20000, 0.20002
4211, 9.434637, -29, 500, 0.20000, 0.19859
4212, 9.440167, -29, 500, 0.20000, 0.19931
4213, 9.445710, -29, 500, 0.20000, 0.19859
4214, 9.451213, -29, 500, 0.20000, 0.19967
4215, 9.457211, -29, 500, 0.20000, 0.20290
4216, 9.462631, -29, 500, 0.20000, 0.20074
4217, 9.466726, -29, 500, 0.20000, 0.19967
4218, 9.470635, -29, 500, 0.20000, 0.20326
4219, 9.474648, -29, 500, 0.20000, 0.20002
4220, 9.478954, -29, 500, 0.20000, 0.19967
4221, 9.482887, -29, 500, 0.20000, 0.19895
4222, 9.487136, -29, 500, 0.20000, 0.20038
4223, 9.491234, -29, 500, 0.20000, 0.20038
4224, 9.495137, -29, 500, 0.20000, 0.19967
4225, 9.499449, -29, 500, 0.20000, 0.20254
4226, 9.503692, -29, 500, 0.20000, 0.19967
4227, 9.507961, -29, 500, 0.20000, 0.19967
4228, 9.511887, -29, 500, 0.20000, 0.19967
4229, 9.515969, -29, 500, 0.20000, 0.19931
4230, 9.520384, -29, 500, 0.20000, 0.19895
4231, 9.524717, -29, 500, 0.20000, 0.20002
4232, 9.528967, -29, 500, 0.20000, 0.19751
4233, 9.533138, -29, 500, 0.20000, 0.20002
4234, 9.537454, -29, 500, 0.20000, 0.19895
4235, 9.541633, -29, 500, 0.20000, 0.19571
4236, 9.545632, -29, 500, 0.20000, 0.19859
4237, 9.549417, -29, 500, 0.20000, 0.19679
4238, 9.553418, -29, 500, 0.20000, 0.19931
4239, 9.557641, -29, 500, 0.20000, 0.19859
4240, 9.561454, -29, 500, 0.20000, 0.20074
4241, 9.565472, -29, 500, 0.20000, 0.20074
4242, 9.569389, -29, 500, 0.20000, 0.20074
4243, 9.573290, -29, 500, 0.20000, 0.20074
4244, 9.577383, -29, 500, 0.20000, 0.20038
4245, 9.581635, -29, 500, 0.20000, 0.19931
4246, 9.585641, -29, 500, 0.20000, 0.19715
4247, 9.589630, -29, 500, 0.20000, 0.20074
4248, 9.593640, -29, 500, 0.20000, 0.19967
4249, 9.597635, -29, 500, 0.20000, 0.20326
4250, 9.601660, -29, 500, 0.20000, 0.19967
4251, 9.605887, -29, 500, 0.20000, 0.19967
4252, 9.610142, -29, 500, 0.20000, 0.19931
4253, 9.614146, -29, 500, 0.20000, 0.20434
4254, 9.618216, -29, 500, 0.20000, 0.19931
4255, 9.622139, -29, 500, 0.20000, 0.20002
4256, 9.626144, -29, 500, 0.20000, 0.20074
4257, 9.630342, -29, 500, 0.20000, 0.20074
4258, 9.634356, -29, 500, 0.20000, 0.19859
4259, 9.638648, -29, 500, 0.20000, 0.20038
4260, 9.643148, -29, 500, 0.20000, 0.20146
4261, 9.647628, -29, 500, 0.20000, 0.19931
4262, 9.651436, -29, 500, 0.20000, 0.19895
4263, 9.655887, -29, 500, 0.20000, 0.20326
4264, 9.660163, -29, 500, 0.20000, 0.20362
4265, 9.664170, -29, 500, 0.20000, 0.19967
4266, 9.668234, -29, 500, 0.20000, 0.20074
4267, 9.672169, -29, 500, 0.20000, 0.19931
4268, 9.676662, -29, 500, 0.20000, 0.20002
4269, 9.680966, -29, 500, 0.20000, 0.20434
4270, 9.685150, -29, 500, 0.20000, 0.19931
4271, 9.689311, -29, 500, 0.20000, 0.20146
4272, 9.693393, -29, 500, 0.20000, 0.20002
4273, 9.697657, -29, 500, 0.20000, 0.20038
4274, 9.701684, -29, 500, 0.20000, 0.19931
4275, 9.705628, -29, 500, 0.20000, 0.20146
4276, 9.709887, -29, 500, 0.20000, 0.20038
4277, 9.713887, -29, 500, 0.20000, 0.20218
4278, 9.717965, -29, 500, 0.20000, 0.20110
4279, 9.722243, -29, 500, 0.20000, 0.19859
4280, 9.726137, -29, 500, 0.20000, 0.20146
4281, 9.731127, -29, 500, 0.20000, 0.19967
4282, 9.735948, -29, 500, 0.20000, 0.19967
4283, 9.741123, -29, 500, 0.20000, 0.20002
4284, 9.747163, -29, 500, 0.20000, 0.20110
4285, 9.751886, -29, 500, 0.20000, 0.19931
4286, 9.757887, -29, 500, 0.20000, 0.19607
4287, 9.762460, -29, 500, 0.20000, 0.19859
4288, 9.766887, -29, 500, 0.20000, 0.20110
4289, 9.771126, -29, 500, 0.20000, 0.19931
4290, 9.775155, -29, 500, 0.20000, 0.20218
4291, 9.778948, -29, 500, 0.20000, 0.20038
4292, 9.782950, -29, 500, 0.20000, 0.20002
4293, 9.786951, -29, 500, 0.20000, 0.19859
4294, 9.791247, -29, 500, 0.20000, 0.19967
4295, 9.795153, -29, 500, 0.20000, 0.20290
4296, 9.798945, -29, 500, 0.20000, 0.20218
4297, 9.802949, -29, 500, 0.20000, 0.20038
4298, 9.806950, -29, 500, 0.20000, 0.20074
4299, 9.810970, -29, 500, 0.20000, 0.19967
4300, 9.815201, -29, 500, 0.20000, 0.20290
4301, 9.818795, -29, 500, 0.20000, 0.19931
4302, 9.823399, -29, 500, 0.20000, 0.19967
4303, 9.829159, -29, 500, 0.20000, 0.20038
4304, 9.833692, -29, 500, 0.20000, 0.19931
4305, 9.837445, -29, 500, 0.20000, 0.19823
4306, 9.841650, -29, 500, 0.20000, 0.20038
4307, 9.845764, -29, 500, 0.20000, 0.20002
4308, 9.849903, -29, 500, 0.20000, 0.19859
4309, 9.855158, -29, 500, 0.20000, 0.20038
4310, 9.860410, -29, 500, 0.20000, 0.20362
4311, 9.867185, -29, 500, 0.20000, 0.19967
4312, 9.873155, -29, 500, 0.20000, 0.20002
4313, 9.878643, -29, 500, 0.20000, 0.19967
4314, 9.884321, -29, 500, 0.20000, 0.19967
4315, 9.888669, -29, 500, 0.20000, 0.19931
4316, 9.892477, -29, 500, 0.20000, 0.20074
4317, 9.896392, -29, 500, 0.20000, 0.19787
4318, 9.900461, -29, 500, 0.20000, 0.18960
4319, 9.904412, -29, 500, 0.20000, 0.20002
4320, 9.908634, -29, 500, 0.20000, 0.19284
4321, 9.912684, -29, 500, 0.20000, 0.19967
4322, 9.916631, -29, 500, 0.20000, 0.19931
4323, 9.920677, -29, 500, 0.20000, 0.19967
4324, 9.924434, -29, 500, 0.20000, 0.19787
4325, 9.928320, -29, 500, 0.20000, 0.19895
4326, 9.933129, -29, 500, 0.20000, 0.19931
4327, 9.938455, -29, 500, 0.20000, 0.19967
4328, 9.944138, -29, 500, 0.20000, 0.19967
4329, 9.947888, -29, 500, 0.20000, 0.20074
4330, 9.951954, -29, 500, 0.20000, 0.19931
4331, 9.956463, -29, 500, 0.20000, 0.19895
4332, 9.961241, -29, 500, 0.20000, 0.20002
4333, 9.967156, -29, 500, 0.20000, 0.19931
4334, 9.972887, -29, 500, 0.20000, 0.19967
4335, 9.978184, -29, 500, 0.20000, 0.20002
4336, 9.983903, -29, 500, 0.20000, 0.19895
4337, 9.988714, -29, 500, 0.20000, 0.19931
4338, 9.993888, -29, 500, 0.20000, 0.19751
4339, 9.998887, -29, 500, 0.20000, 0.19823
4340, 10.003893, -29, 500, 0.20000, 0.19823
4341, 10.008720, -29, 500, 0.20000, 0.19967
4342, 10.013708, -29, 500, 0.20000, 0.20002
4343, 10.019184, -29, 500, 0.20000, 0.19931
4344, 10.024625, -29, 500, 0.20000, 0.20038
4345, 10.029735, -29, 500, 0.00000, 0.20074
4346, 10.034290, -29, 500, 0.00000, 0.19895
4347, 10.038310, -29, 500, 0.00000, 0.18960
4348, 10.042706, -29, 500, 0.00000, 0.17235
4349, 10.047892, -29, 500, 0.00000, 0.14826
4350, 10.053265, -29, 500, 0.00000, 0.12095
4351, 10.058641, -29, 500, 0.00000, 0.08536
4352, 10.063445, -29, 500, 0.00000, 0.05912
4353, 10.067655, -29, 500, 0.00000, 0.03036
4354, 10.072622, -29, 500, 0.00000, 0.01167
4355, 10.078384, -29, 500, 0.00000, -0.00199
4356, 10.082441, -29, 500, 0.00000, -0.01241
4357, 10.086441, -29, 500, 0.00000, -0.02032
4358, 10.090447, -29, 500, 0.00000, -0.02823
4359, 10.094430, -29, 500, 0.00000, -0.03110
4360, 10.098404, -29, 500, 0.00000, -0.02931
4361, 10.102479, -29, 500, 0.00000, -0.03110
4362, 10.106373, -29, 500, 0.00000, -0.02967
4363, 10.110365, -29, 500, 0.00000, -0.03003
4364, 10.114264, -29, 500, 0.00000, -0.02284
4365, 10.118234, -29, 500, 0.00000, -0.01673
4366, 10.122235, -29, 500, 0.00000, -0.01888
4367, 10.126204, -29, 500, 0.00000, -0.01061
4368, 10.130139, -29, 500, 0.00000, -0.00954
4369, 10.134202, -29, 500, 0.00000, -0.00522
4370, 10.138452, -29, 500, 0.00000, -0.00163
4371, 10.142410, -29, 500, 0.00000, -0.00235
4372, 10.146347, -29, 500, 0.00000, 0.00628
4373, 10.150700, -29, 500, 0.00000, 0.00412
4374, 10.155888, -29, 500, 0.00000, 0.00376
4375, 10.160449, -29, 500, 0.00000, 0.00448
4376, 10.164272, -29, 500, 0.00000, 0.00340
4377, 10.169950, -29, 500, 0.00000, 0.00376
4378, 10.175149, -29, 500, 0.00000, 0.00520
4379, 10.180213, -29, 500, 0.00000, 0.00376
4380, 10.185650, -29, 500, 0.00000, 0.00197
4381, 10.191327, -29, 500, 0.00000, 0.00304
4382, 10.196357, -29, 500, 0.00000, 0.00161
4383, 10.201991, -29, 500, 0.00000, 0.00089
4384, 10.207723, -29, 500, 0.00000, -0.00055
4385, 10.213727, -29, 500, 0.00000, -0.00235
4386, 10.220182, -29, 500, 0.00000, -0.00163
4387, 10.226264, -29, 500, 0.00000, -0.00199
4388, 10.231970, -29, 500, 0.00000, -0.00127
4389, 10.237731, -29, 500, 0.00000, -0.00450
4390, 10.244149, -29, 500, 0.00000, -0.00127
4391, 10.249152, -29, 500, 0.00000, -0.01133
4392, 10.253383, -29, 500, 0.00000, -0.00307
4393, 10.257684, -29, 500, 0.00000, 0.00053
4394, 10.261420, -29, 500, 0.00000, -0.00163
4395, 10.267340, -29, 500, 0.00000, -0.00307
4396, 10.272697, -29, 500, 0.00000, 0.00053
4397, 10.278630, -29, 500, 0.00000, 0.00125
4398, 10.282467, -29, 500, 0.00000, 0.00017
4399, 10.286888, -29, 500, 0.00000, -0.00019
4400, 10.291723, -29, 500, 0.00000, 0.00089
4401, 10.297222, -29, 500, 0.00000, 0.00125
4402, 10.301234, -29, 500, 0.00000, 0.00017
4403, 10.305327, -29, 500, 0.00000, -0.00019
4404, 10.309274, -29, 500, 0.00000, 0.00053
4405, 10.313267, -29, 500, 0.00000, 0.00304
4406, 10.316887, -29, 500, 0.00000, 0.00089
4407, 10.320953, -29, 500, 0.00000, 0.00484
4408, 10.325140, -29, 500, 0.00000, -0.00019
4409, 10.329328, -29, 500, 0.00000, 0.00664
4410, 10.333409, -29, 500, 0.00000, 0.00161
4411, 10.337681, -29, 500, 0.00000, -0.00091
4412, 10.341479, -29, 500, 0.00000, 0.00197
4413, 10.345628, -29, 500, 0.00000, -0.00379
4414, 10.349387, -29, 500, 0.00000, -0.00055
4415, 10.353452, -29, 500, 0.00000, 0.00053
4416, 10.357670, -29, 500, 0.00000, 0.00053
4417, 10.