0.20000, 0.20290
47741, -30, 500, 0.20000, 0.20110
47742, -30, 500, 0.20000, 0.20038
47743, -30, 500, 0.20000, 0.19967
47744, -30, 500, 0.20000, 0.18744
47745, -30, 500, 0.20000, 0.19967
47746, -30, 500, 0.20000, 0.20002
47747, -30, 500, 0.20000, 0.19931
47748, -30, 500, 0.20000, 0.19967
47749, -30, 500, 0.20000, 0.19967
47750, -30, 500, 0.20000, 0.19823
47751, -30, 500, 0.20000, 0.20002
47752, -30, 500, 0.20000, 0.20074
47753, -30, 500, 0.20000, 0.20290
47754, -30, 500, 0.20000, 0.19967
47755, -30, 500, 0.20000, 0.19931
47756, -30, 500, 0.20000, 0.20002
47757, -30, 500, 0.20000, 0.20002
47758, -30, 500, 0.20000, 0.19967
47759, -30, 500, 0.20000, 0.19931
47760, -30, 500, 0.20000, 0.19823
47761, -30, 500, 0.20000, 0.20038
47762, -30, 500, 0.20000, 0.20038
47763, -30, 500, 0.20000, 0.20074
47764, -30, 500, 0.20000, 0.20002
47765, -30, 500, 0.20000, 0.20002
47766, -30, 500, 0.20000, 0.19895
47767, -30, 500, 0.20000, 0.20038
47768, -30, 500, 0.20000, 0.20002
47769, -30, 500, 0.20000, 0.20002
47770, -30, 500, 0.20000, 0.20038
47771, -30, 500, 0.20000, 0.20074
47772, -30, 500, 0.20000, 0.20002
47773, -30, 500, 0.20000, 0.19967
47774, -30, 500, 0.20000, 0.20002
47775, -30, 500, 0.20000, 0.20002
47776, -30, 500, 0.20000, 0.19931
47777, -30, 500, 0.20000, 0.20002
47778, -30, 500, 0.20000, 0.20074
47779, -30, 500, 0.20000, 0.20110
47780, -30, 500, 0.20000, 0.19967
47781, -30, 500, 0.20000, 0.19967
47782, -30, 500, 0.20000, 0.20002
47783, -30, 500, 0.20000, 0.19967
47784, -30, 500, 0.20000, 0.19823
47785, -30, 500, 0.20000, 0.19967
47786, -30, 500, 0.20000, 0.19895
47787, -30, 500, 0.20000, 0.19967
47788, -30, 500, 0.20000, 0.19967
47789, -30, 500, 0.20000, 0.19967
47790, -30, 500, 0.20000, 0.20002
47791, -30, 500, 0.20000, 0.19931
47792, -30, 500, 0.20000, 0.19895
47793, -30, 500, 0.20000, 0.20002
47794, -30, 500, 0.20000, 0.20002
47795, -30, 500, 0.20000, 0.20074
47796, -30, 500, 0.20000, 0.20254
47797, -30, 500, 0.20000, 0.20002
47798, -30, 500, 0.20000, 0.20038
47799, -30, 500, 0.20000, 0.20002
47800, -30, 500, 0.20000, 0.20074
47801, -30, 500, 0.20000, 0.19967
47802, -30, 500, 0.20000, 0.19931
47803, -30, 500, 0.20000, 0.19967
47804, -30, 500, 0.20000, 0.19931
47805, -30, 500, 0.20000, 0.20038
47806, -30, 500, 0.20000, 0.20290
47807, -30, 500, 0.20000, 0.19931
47808, -30, 500, 0.20000, 0.20074
47809, -30, 500, 0.20000, 0.19931
47810, -30, 500, 0.20000, 0.20002
47811, -30, 500, 0.20000, 0.19787
47812, -30, 500, 0.20000, 0.20650
47813, -30, 500, 0.20000, 0.20002
47814, -30, 500, 0.20000, 0.19931
47815, -30, 500, 0.20000, 0.20074
47816, -30, 500, 0.20000, 0.20002
47817, -30, 500, 0.20000, 0.20038
47818, -30, 500, 0.20000, 0.20002
47819, -30, 500, 0.20000, 0.20398
47820, -30, 500, 0.20000, 0.20038
47821, -30, 500, 0.20000, 0.19931
47822, -30, 500, 0.20000, 0.20002
47823, -30, 500, 0.20000, 0.19895
47824, -30, 500, 0.20000, 0.20002
47825, -30, 500, 0.20000, 0.19967
47826, -30, 500, 0.20000, 0.19931
47827, -30, 500, 0.20000, 0.19859
47828, -30, 500, 0.20000, 0.20182
47829, -30, 500, 0.20000, 0.20110
47830, -30, 500, 0.20000, 0.20038
47831, -30, 500, 0.20000, 0.19931
47832, -30, 500, 0.20000, 0.19967
47833, -30, 500, 0.20000, 0.19931
47834, -30, 500, 0.20000, 0.19751
47835, -30, 500, 0.20000, 0.20038
47836, -30, 500, 0.20000, 0.19967
47837, -30, 500, 0.20000, 0.19931
47838, -30, 500, 0.20000, 0.19931
47839, -30, 500, 0.20000, 0.20038
47840, -30, 500, 0.20000, 0.19967
47841, -30, 500, 0.20000, 0.19967
47842, -30, 500, 0.20000, 0.20002
47843, -30, 500, 0.20000, 0.19571
47844, -30, 500, 0.20000, 0.20254
47845, -30, 500, 0.20000, 0.19967
47846, -30, 500, 0.20000, 0.20038
47847, -30, 500, 0.20000, 0.20074
47848, -30, 500, 0.20000, 0.19967
47849, -30, 500, 0.20000, 0.20470
47850, -30, 500, 0.20000, 0.20038
47851, -30, 500, 0.20000, 0.20038
47852, -30, 500, 0.20000, 0.20002
47853, -30, 500, 0.20000, 0.19967
47854, -30, 500, 0.20000, 0.19859
47855, -30, 500, 0.20000, 0.20002
47856, -30, 500, 0.20000, 0.20038
47857, -30, 500, 0.20000, 0.19931
47858, -30, 500, 0.20000, 0.19967
47859, -30, 500, 0.20000, 0.20002
47860, -30, 500, 0.20000, 0.20002
47861, -30, 500, 0.20000, 0.20074
47862, -30, 500, 0.20000, 0.20038
47863, -30, 500, 0.20000, 0.20146
47864, -30, 500, 0.20000, 0.19931
47865, -30, 500, 0.20000, 0.20002
47866, -30, 500, 0.20000, 0.19967
47867, -30, 500, 0.20000, 0.20002
47868, -30, 500, 0.20000, 0.20038
47869, -30, 500, 0.20000, 0.19931
47870, -30, 500, 0.20000, 0.20002
47871, -30, 500, 0.20000, 0.19967
47872, -30, 500, 0.20000, 0.20002
47873, -30, 500, 0.20000, 0.20110
47874, -30, 500, 0.20000, 0.20002
47875, -30, 500, 0.20000, 0.20002
47876, -30, 500, 0.20000, 0.20218
47877, -30, 500, 0.20000, 0.19967
47878, -30, 500, 0.20000, 0.20002
47879, -30, 500, 0.20000, 0.19967
47880, -30, 500, 0.20000, 0.20002
47881, -30, 500, 0.20000, 0.20038
47882, -30, 500, 0.20000, 0.19967
47883, -30, 500, 0.20000, 0.19967
47884, -30, 500, 0.20000, 0.20074
47885, -30, 500, 0.20000, 0.20002
47886, -30, 500, 0.20000, 0.19967
47887, -30, 500, 0.20000, 0.19967
47888, -30, 500, 0.20000, 0.20038
47889, -30, 500, 0.20000, 0.19931
47890, -30, 500, 0.20000, 0.20326
47891, -30, 500, 0.20000, 0.20002
47892, -30, 500, 0.20000, 0.19931
47893, -30, 500, 0.20000, 0.19751
47894, -30, 500, 0.20000, 0.19967
47895, -30, 500, 0.20000, 0.19967
47896, -30, 500, 0.20000, 0.20002
47897, -30, 500, 0.20000, 0.19967
47898, -30, 500, 0.20000, 0.19895
47899, -30, 500, 0.00000, 0.20002
47900, -30, 500, 0.00000, 0.19787
47901, -30, 500, 0.00000, 0.19499
47902, -30, 500, 0.00000, 0.18313
47903, -30, 500, 0.00000, 0.16624
47904, -30, 500, 0.00000, 0.14719
47905, -30, 500, 0.00000, 0.12885
47906, -30, 500, 0.00000, 0.10872
47907, -30, 500, 0.00000, 0.08680
47908, -30, 500, 0.00000, 0.07062
47909, -30, 500, 0.00000, 0.05552
47910, -30, 500, 0.00000, 0.03719
47911, -30, 500, 0.00000, 0.02138
47912, -30, 500, 0.00000, 0.00736
47913, -30, 500, 0.00000, -0.00450
47914, -30, 500, 0.00000, -0.01349
47915, -30, 500, 0.00000, -0.02032
47916, -30, 500, 0.00000, -0.02859
47917, -30, 500, 0.00000, -0.02679
47918, -30, 500, 0.00000, -0.02715
47919, -30, 500, 0.00000, -0.03290
47920, -30, 500, 0.00000, -0.03146
47921, -30, 500, 0.00000, -0.03434
47922, -30, 500, 0.00000, -0.02499
47923, -30, 500, 0.00000, -0.02823
47924, -30, 500, 0.00000, -0.02463
47925, -30, 500, 0.00000, -0.02104
47926, -30, 500, 0.00000, -0.01888
47927, -30, 500, 0.00000, -0.01493
47928, -30, 500, 0.00000, -0.01601
47929, -30, 500, 0.00000, -0.01277
47930, -30, 500, 0.00000, -0.00630
47931, -30, 500, 0.00000, -0.00702
47932, -30, 500, 0.00000, -0.00163
47933, -30, 500, 0.00000, -0.00019
47934, -30, 500, 0.00000, 0.00197
47935, -30, 500, 0.00000, 0.00269
47936, -30, 500, 0.00000, 0.00412
47937, -30, 500, 0.00000, 0.00520
47938, -30, 500, 0.00000, 0.00304
47939, -30, 500, 0.00000, 0.00269
47940, -30, 500, 0.00000, 0.00520
47941, -30, 500, 0.00000, 0.00484
47942, -30, 500, 0.00000, 0.00376
47943, -30, 500, 0.00000, 0.00269
47944, -30, 500, 0.00000, 0.00340
47945, -30, 500, 0.00000, 0.00304
47946, -30, 500, 0.00000, 0.00340
47947, -30, 500, 0.00000, 0.00233
47948, -30, 500, 0.00000, -0.00379
47949, -30, 500, 0.00000, 0.00053
47950, -30, 500, 0.00000, 0.00053
47951, -30, 500, 0.00000, 0.00089
47952, -30, 500, 0.00000, 0.00269
47953, -30, 500, 0.00000, -0.00055
47954, -30, 500, 0.00000, -0.00091
47955, -30, 500, 0.00000, 0.00053
47956, -30, 500, 0.00000, -0.00163
47957, -30, 500, 0.00000, 0.00053
47958, -30, 500, 0.00000, -0.00019
47959, -30, 500, 0.00000, -0.00271
47960, -30, 500, 0.00000, -0.00055
47961, -30, 500, 0.00000, -0.00091
47962, -30, 500, 0.00000, -0.00019
47963, -30, 500, 0.00000, -0.00055
47964, -30, 500, 0.00000, -0.00019
47965, -30, 500, 0.00000, -0.00163
47966, -30, 500, 0.00000, -0.00199
47967, -30, 500, 0.00000, 0.00197
47968, -30, 500, 0.00000, -0.00019
47969, -30, 500, 0.00000, -0.00019
47970, -30, 500, 0.00000, -0.00127
47971, -30, 500, 0.00000, -0.00019
47972, -30, 500, 0.00000, -0.00091
47973, -30, 500, 0.00000, 0.00197
47974, -30, 500, 0.00000, -0.00163
47975, -30, 500, 0.00000, -0.00019
47976, -30, 500, 0.00000, 0.00017
47977, -30, 500, 0.00000, 0.00197
47978, -30, 500, 0.00000, 0.00053
47979, -30, 500, 0.00000, -0.00019
47980, -30, 500, 0.00000, -0.00307
47981, -30, 500, 0.00000, -0.00019
47982, -30, 500, 0.00000, 0.00089
47983, -30, 500, 0.00000, 0.00089
47984, -30, 500, 0.00000, -0.00019
47985, -30, 500, 0.00000, -0.00019
47986, -30, 500, 0.00000, -0.00055
47987, -30, 500, 0.00000, -0.00055
47988, -30, 500, 0.00000, -0.00019
47989, -30, 500, 0.00000, -0.00091
47990, -30, 500, 0.00000, 0.00089
47991, -30, 500, 0.00000, 0.00017
47992, -30, 500, 0.00000, 0.00053
47993, -30, 500, 0.00000, -0.00055
47994, -30, 500, 0.00000, 0.00053
47995, -30, 500, 0.00000, 0.00053
47996, -30, 500, 0.00000, -0.00019
47997, -30, 500, 0.00000, 0.00017
47998, -30, 500, 0.00000, 0.00269
47999, -30, 500, 0.00000, -0.00019
48000, -30, 500, 0.00000, 0.00089
48001, -30, 500, 0.00000, 0.00089
48002, -30, 500, 0.00000, -0.00055
48003, -30, 500, 0.00000, 0.00053
48004, -30, 500, 0.00000, -0.00343
48005, -30, 500, 0.00000, 0.00053
48006, -30, 500, 0.00000, 0.00017
48007, -30, 500, 0.00000, 0.00053
48008, -30, 500, 0.00000, 0.00053
48009, -30, 500, 0.00000, 0.00125
48010, -30, 500, 0.00000, 0.00376
48011, -30, 500, 0.00000, 0.00089
48012, -30, 500, 0.00000, -0.00163
48013, -30, 500, 0.00000, -0.00019
48014, -30, 500, 0.00000, -0.00019
48015, -30, 500, 0.00000, -0.00271
48016, -30, 500, 0.00000, -0.00019
48017, -30, 500, 0.00000, 0.00017
48018, -30, 500, 0.00000, 0.00125
48019, -30, 500, 0.00000, 0.00053
48020, -30, 500, 0.00000, 0.00053
48021, -30, 500, 0.00000, -0.00055
48022, -30, 500, 0.00000, 0.00017
48023, -30, 500, 0.00000, 0.00269
48024, -30, 500, 0.00000, -0.00127
48025, -30, 500, 0.00000, 0.00017
48026, -30, 500, 0.00000, -0.00055
48027, -30, 500, 0.00000, -0.00019
48028, -30, 500, 0.00000, -0.00163
48029, -30, 500, 0.00000, -0.00055
48030, -30, 500, 0.00000, 0.00376
48031, -30, 500, 0.00000, -0.00019
48032, -30, 500, 0.00000, 0.00125
48033, -30, 500, 0.00000, -0.00055
48034, -30, 500, 0.00000, 0.00053
48035, -30, 500, 0.00000, 0.00089
48036, -30, 500, 0.00000, 0.00125
48037, -30, 500, 0.00000, -0.00019
48038, -30, 500, 0.00000, 0.00053
48039, -30, 500, 0.00000, 0.00017
48040, -30, 500, 0.00000, 0.00412
48041, -30, 500, 0.00000, -0.00091
48042, -30, 500, 0.00000, -0.00055
48043, -30, 500, 0.00000, 0.00017
48044, -30, 500, 0.00000, -0.00091
48045, -30, 500, 0.00000, 0.00017
48046, -30, 500, 0.00000, -0.00055
48047, -30, 500, 0.00000, 0.00017
48048, -30, 500, 0.00000, -0.00055
48049, -30, 500, 0.00000, -0.00055
48050, -30, 500, 0.00000, 0.00053
48051, -30, 500, 0.00000, 0.00089
48052, -30, 500, 0.00000, 0.00017
48053, -30, 500, 0.00000, -0.00055
48054, -30, 500, 0.00000, -0.00091
48055, -30, 500, 0.00000, 0.00053
48056, -30, 500, 0.00000, -0.00019
48057, -30, 500, 0.00000, -0.00019
48058, -30, 500, 0.00000, 0.00053
48059, -30, 500, 0.00000, -0.00091
48060, -30, 500, 0.00000, 0.00053
48061, -30, 500, 0.00000, 0.00053
48062, -30, 500, 0.00000, -0.00055
48063, -30, 500, 0.00000, -0.00019
48064, -30, 500, 0.00000, -0.00055
48065, -30, 500, 0.00000, 0.00125
48066, -30, 500, 0.00000, 0.00053
48067, -30, 500, 0.00000, 0.00017
48068, -30, 500, 0.00000, 0.00017
48069, -30, 500, 0.00000, 0.00089
48070, -30, 500, 0.00000, 0.00197
48071, -30, 500, 0.00000, 0.00053
48072, -30, 500, 0.00000, 0.00017
48073, -30, 500, 0.00000, 0.00017
48074, -30, 500, 0.00000, 0.00269
48075, -30, 500, 0.00000, 0.00017
48076, -30, 500, 0.00000, 0.00053
48077, -30, 500, 0.00000, 0.00017
48078, -30, 500, 0.00000, 0.00017
48079, -30, 500, 0.00000, 0.00017
48080, -30, 500, 0.00000, -0.00019
48081, -30, 500, 0.00000, 0.00017
48082, -30, 500, 0.00000, -0.00019
48083, -30, 500, 0.00000, 0.00017
48084, -30, 500, 0.00000, 0.00125
48085, -30, 500, 0.00000, -0.00163
48086, -30, 500, 0.00000, 0.00125
48087, -30, 500, 0.00000, 0.00053
48088, -30, 500, 0.00000, 0.00017
48089, -30, 500, 0.00000, -0.00019
48090, -30, 500, 0.00000, 0.00125
48091, -30, 500, 0.00000, -0.00019
48092, -30, 500, 0.00000, 0.00053
48093, -30, 500, 0.00000, 0.00017
48094, -30, 500, 0.00000, 0.00017
48095, -30, 500, 0.00000, 0.00340
48096, -30, 500, 0.00000, -0.00019
48097, -30, 500, 0.00000, -0.00019
48098, -30, 500, 0.00000, -0.00019
48099, -30, 500, 0.00000, -0.00055
48100, -30, 500, 0.00000, -0.00307
48101, -30, 500, 0.00000, 0.00053
48102, -30, 500, 0.00000, 0.00125
48103, -30, 500, 0.00000, 0.00053
48104, -30, 500, 0.00000, -0.00055
48105, -30, 500, 0.00000, -0.00091
48106, -30, 500, 0.00000, -0.00055
48107, -30, 500, 0.00000, 0.00017
48108, -30, 500, 0.00000, 0.00017
48109, -30, 500, 0.00000, 0.00053
48110, -30, 500, 0.00000, 0.00017
48111, -30, 500, 0.00000, 0.00017
48112, -30, 500, 0.00000, 0.00053
48113, -30, 500, 0.00000, -0.00163
48114, -30, 500, 0.00000, 0.00017
48115, -30, 500, 0.00000, -0.00019
48116, -30, 500, 0.00000, -0.00019
48117, -30, 500, 0.00000, -0.00019
48118, -30, 500, 0.00000, 0.00017
48119, -30, 500, 0.00000, 0.00089
48120, -30, 500, 0.00000, -0.00055
48121, -30, 500, 0.00000, -0.00055
48122, -30, 500, 0.00000, -0.00055
48123, -30, 500, 0.00000, -0.00055
48124, -30, 500, 0.00000, -0.00019
48125, -30, 500, 0.00000, -0.00055
48126, -30, 500, 0.00000, 0.00089
48127, -30, 500, 0.00000, 0.00053
48128, -30, 500, 0.00000, -0.00091
48129, -30, 500, 0.00000, -0.00163
48130, -30, 500, 0.00000, 0.00017
48131, -30, 500, 0.00000, -0.00055
48132, -30, 500, 0.00000, 0.00017
48133, -30, 500, 0.00000, -0.00019
48134, -30, 500, 0.00000, 0.00053
48135, -30, 500, 0.00000, -0.00019
48136, -30, 500, 0.00000, -0.00019
48137, -30, 500, 0.00000, 0.00017
48138, -30, 500, 0.00000, -0.00019
48139, -30, 500, 0.00000, 0.00017
48140, -30, 500, 0.00000, -0.00091
48141, -30, 500, 0.00000, 0.00017
48142, -30, 500, 0.00000, 0.00017
48143, -30, 500, 0.00000, -0.00019
48144, -30, 500, 0.00000, -0.00019
48145, -30, 500, 0.00000, -0.00019
48146, -30, 500, 0.00000, 0.00017
48147, -30, 500, 0.00000, -0.00019
48148, -30, 500, 0.00000, -0.00019
48149, -30, 500, 0.00000, -0.00091
48150, -30, 500, 0.00000, -0.00055
48151, -30, 500, 0.00000, 0.00053
48152, -30, 500, 0.00000, -0.00091
48153, -30, 500, 0.00000, 0.00053
48154, -30, 500, 0.00000, -0.00055
48155, -30, 500, 0.00000, -0.00019
48156, -30, 500, 0.00000, 0.00053
48157, -30, 500, 0.00000, -0.00091
48158, -30, 500, 0.00000, -0.00055
48159, -30, 500, 0.00000, -0.00055
48160, -30, 500, 0.00000, -0.00091
48161, -30, 500, 0.00000, -0.00055
48162, -30, 500, 0.00000, -0.00055
48163, -30, 500, 0.00000, -0.00019
48164, -30, 500, 0.00000, -0.00091
48165, -30, 500, 0.00000, 0.00017
48166, -30, 500, 0.00000, -0.00019
48167, -30, 500, 0.00000, -0.00055
48168, -30, 500, 0.00000, 0.00053
48169, -30, 500, 0.00000, 0.00017
48170, -30, 500, 0.00000, 0.00017
48171, -30, 500, 0.00000, 0.00089
48172, -30, 500, 0.00000, -0.00019
48173, -30, 500, 0.00000, 0.00053
48174, -30, 500, 0.00000, 0.00197
48175, -30, 500, 0.00000, 0.00017
48176, -30, 500, 0.00000, -0.00019
48177, -30, 500, 0.00000, -0.00271
48178, -30, 500, 0.00000, 0.00089
48179, -30, 500, 0.00000, 0.00017
48180, -30, 500, 0.00000, 0.00269
48181, -30, 500, 0.00000, -0.00019
48182, -30, 500, 0.00000, -0.00019
48183, -30, 500, 0.00000, 0.00089
48184, -30, 500, 0.00000, -0.00055
48185, -30, 500, 0.00000, -0.00055
48186, -30, 500, 0.00000, -0.00055
48187, -30, 500, 0.00000, 0.00412
48188, -30, 500, 0.00000, 0.00089
48189, -30, 500, 0.00000, -0.00019
48190, -30, 500, 0.00000, -0.00055
48191, -30, 500, 0.00000, -0.00127
48192, -30, 500, 0.00000, 0.00089
48193, -30, 500, 0.00000, -0.00019
48194, -30, 500, 0.00000, 0.00089
48195, -30, 500, 0.00000, -0.00199
48196, -30, 500, 0.00000, -0.00199
48197, -30, 500, 0.00000, -0.00450
48198, -30, 500, 0.00000, 0.00017
48199, -30, 500, 0.00000, 0.00017
48200, -30, 500, 0.00000, 0.00053
48201, -30, 500, 0.00000, -0.00019
48202, -30, 500, 0.00000, -0.00091
48203, -30, 500, 0.00000, -0.00019
48204, -30, 500, 0.00000, 0.00017
48205, -30, 500, 0.00000, 0.00017
48206, -30, 500, 0.00000, -0.00343
48207, -30, 500, 0.00000, 0.00161
48208, -30, 500, 0.00000, -0.00091
48209, -30, 500, 0.20000, -0.00055
48210, -30, 500, 0.20000, 0.00125
48211, -30, 500, 0.20000, 0.00412
48212, -30, 500, 0.20000, 0.01239
48213, -30, 500, 0.20000, 0.02353
48214, -30, 500, 0.20000, 0.03755
48215, -30, 500, 0.20000, 0.05660
48216, -30, 500, 0.20000, 0.07422
48217, -30, 500, 0.20000, 0.08680
48218, -30, 500, 0.20000, 0.11196
48219, -30, 500, 0.20000, 0.12777
48220, -30, 500, 0.20000, 0.14395
48221, -30, 500, 0.20000, 0.16408
48222, -30, 500, 0.20000, 0.17918
48223, -30, 500, 0.20000, 0.18816
48224, -30, 500, 0.20000, 0.20254
48225, -30, 500, 0.20000, 0.20901
48226, -30, 500, 0.20000, 0.21836
48227, -30, 500, 0.20000, 0.22267
48228, -30, 500, 0.20000, 0.22770
48229, -30, 500, 0.20000, 0.22914
48230, -30, 500, 0.20000, 0.22842
48231, -30, 500, 0.20000, 0.23130
48232, -30, 500, 0.20000, 0.23345
48233, -30, 500, 0.20000, 0.23166
48234, -30, 500, 0.20000, 0.22986
48235, -30, 500, 0.20000, 0.22698
48236, -30, 500, 0.20000, 0.22483
48237, -30, 500, 0.20000, 0.21979
48238, -30, 500, 0.20000, 0.21800
48239, -30, 500, 0.20000, 0.21440
48240, -30, 500, 0.20000, 0.21009
48241, -30, 500, 0.20000, 0.20721
48242, -30, 500, 0.20000, 0.20578
48243, -30, 500, 0.20000, 0.20254
48244, -30, 500, 0.20000, 0.20290
48245, -30, 500, 0.20000, 0.20110
48246, -30, 500, 0.20000, 0.19643
48247, -30, 500, 0.20000, 0.19571
48248, -30, 500, 0.20000, 0.19355
48249, -30, 500, 0.20000, 0.19427
48250, -30, 500, 0.20000, 0.19355
48251, -30, 500, 0.20000, 0.19499
48252, -30, 500, 0.20000, 0.19535
48253, -30, 500, 0.20000, 0.19499
48254, -30, 500, 0.20000, 0.19535
48255, -30, 500, 0.20000, 0.19176
48256, -30, 500, 0.20000, 0.19499
48257, -30, 500, 0.20000, 0.19643
48258, -30, 500, 0.20000, 0.19535
48259, -30, 500, 0.20000, 0.19715
48260, -30, 500, 0.20000, 0.19607
48261, -30, 500, 0.20000, 0.19679
48262, -30, 500, 0.20000, 0.19859
48263, -30, 500, 0.20000, 0.19823
48264, -30, 500, 0.20000, 0.20110
48265, -30, 500, 0.20000, 0.20074
48266, -30, 500, 0.20000, 0.20218
48267, -30, 500, 0.20000, 0.20182
48268, -30, 500, 0.20000, 0.20146
48269, -30, 500, 0.20000, 0.20110
48270, -30, 500, 0.20000, 0.19895
48271, -30, 500, 0.20000, 0.20146
48272, -30, 500, 0.20000, 0.20182
48273, -30, 500, 0.20000, 0.20038
48274, -30, 500, 0.20000, 0.20110
48275, -30, 500, 0.20000, 0.20110
48276, -30, 500, 0.20000, 0.20074
48277, -30, 500, 0.20000, 0.20182
48278, -30, 500, 0.20000, 0.20254
48279, -30, 500, 0.20000, 0.20110
48280, -30, 500, 0.20000, 0.19967
48281, -30, 500, 0.20000, 0.20038
48282, -30, 500, 0.20000, 0.20685
48283, -30, 500, 0.20000, 0.20074
48284, -30, 500, 0.20000, 0.19967
48285, -30, 500, 0.20000, 0.19895
48286, -30, 500, 0.20000, 0.19931
48287, -30, 500, 0.20000, 0.19931
48288, -30, 500, 0.20000, 0.20002
48289, -30, 500, 0.20000, 0.19931
48290, -30, 500, 0.20000, 0.19895
48291, -30, 500, 0.20000, 0.19967
48292, -30, 500, 0.20000, 0.19967
48293, -30, 500, 0.20000, 0.19463
48294, -30, 500, 0.20000, 0.19859
48295, -30, 500, 0.20000, 0.19859
48296, -30, 500, 0.20000, 0.19859
48297, -30, 500, 0.20000, 0.19751
48298, -30, 500, 0.20000, 0.19931
48299, -30, 500, 0.20000, 0.19859
48300, -30, 500, 0.20000, 0.19895
48301, -30, 500, 0.20000, 0.19967
48302, -30, 500, 0.20000, 0.19931
48303, -30, 500, 0.20000, 0.19967
48304, -30, 500, 0.20000, 0.19967
48305, -30, 500, 0.20000, 0.19895
48306, -30, 500, 0.20000, 0.19895
48307, -30, 500, 0.20000, 0.19931
48308, -30, 500, 0.20000, 0.19895
48309, -30, 500, 0.20000, 0.20002
48310, -30, 500, 0.20000, 0.19895
48311, -30, 500, 0.20000, 0.20002
48312, -30, 500, 0.20000, 0.20074
48313, -30, 500, 0.20000, 0.20218
48314, -30, 500, 0.20000, 0.20038
48315, -30, 500, 0.20000, 0.19859
48316, -30, 500, 0.20000, 0.19967
48317, -30, 500, 0.20000, 0.19643
48318, -30, 500, 0.20000, 0.20110
48319, -30, 500, 0.20000, 0.19895
48320, -30, 500, 0.20000, 0.19895
48321, -30, 500, 0.20000, 0.19967
48322, -30, 500, 0.20000, 0.20002
48323, -30, 500, 0.20000, 0.20146
48324, -30, 500, 0.20000, 0.20002
48325, -30, 500, 0.20000, 0.20398
48326, -30, 500, 0.20000, 0.19967
48327, -30, 500, 0.20000, 0.19967
48328, -30, 500, 0.20000, 0.19967
48329, -30, 500, 0.20000, 0.20074
48330, -30, 500, 0.20000, 0.20002
48331, -30, 500, 0.20000, 0.19967
48332, -30, 500, 0.20000, 0.19787
48333, -30, 500, 0.20000, 0.20110
48334, -30, 500, 0.20000, 0.19931
48335, -30, 500, 0.20000, 0.20002
48336, -30, 500, 0.20000, 0.19967
48337, -30, 500, 0.20000, 0.20038
48338, -30, 500, 0.20000, 0.19931
48339, -30, 500, 0.20000, 0.19967
48340, -30, 500, 0.20000, 0.19967
48341, -30, 500, 0.20000, 0.19967
48342, -30, 500, 0.20000, 0.20038
48343, -30, 500, 0.20000, 0.20002
48344, -30, 500, 0.20000, 0.19967
48345, -30, 500, 0.20000, 0.19967
48346, -30, 500, 0.20000, 0.19967
48347, -30, 500, 0.20000, 0.20110
48348, -30, 500, 0.20000, 0.20002
48349, -30, 500, 0.20000, 0.19967
48350, -30, 500, 0.20000, 0.20074
48351, -30, 500, 0.20000, 0.20002
48352, -30, 500, 0.20000, 0.19967
48353, -30, 500, 0.20000, 0.20218
48354, -30, 500, 0.20000, 0.20002
48355, -30, 500, 0.20000, 0.20254
48356, -30, 500, 0.20000, 0.19859
48357, -30, 500, 0.20000, 0.20146
48358, -30, 500, 0.20000, 0.20002
48359, -30, 500, 0.20000, 0.20038
48360, -30, 500, 0.20000, 0.20074
48361, -30, 500, 0.20000, 0.20074
48362, -30, 500, 0.20000, 0.20002
48363, -30, 500, 0.20000, 0.19931
48364, -30, 500, 0.20000, 0.19967
48365, -30, 500, 0.20000, 0.20110
48366, -30, 500, 0.20000, 0.20038
48367, -30, 500, 0.20000, 0.20074
48368, -30, 500, 0.20000, 0.19931
48369, -30, 500, 0.20000, 0.19859
48370, -30, 500, 0.20000, 0.20002
48371, -30, 500, 0.20000, 0.20398
48372, -30, 500, 0.20000, 0.20002
48373, -30, 500, 0.20000, 0.20002
48374, -30, 500, 0.20000, 0.19931
48375, -30, 500, 0.20000, 0.19931
48376, -30, 500, 0.20000, 0.19967
48377, -30, 500, 0.20000, 0.19895
48378, -30, 500, 0.20000, 0.19823
48379, -30, 500, 0.20000, 0.20002
48380, -30, 500, 0.20000, 0.20038
48381, -30, 500, 0.20000, 0.19967
48382, -30, 500, 0.20000, 0.19931
48383, -30, 500, 0.20000, 0.19931
48384, -30, 500, 0.20000, 0.20002
48385, -30, 500, 0.20000, 0.20038
48386, -30, 500, 0.20000, 0.19895
48387, -30, 500, 0.20000, 0.20326
48388, -30, 500, 0.20000, 0.19895
48389, -30, 500, 0.20000, 0.19859
48390, -30, 500, 0.20000, 0.20002
48391, -30, 500, 0.20000, 0.20038
48392, -30, 500, 0.20000, 0.20182
48393, -30, 500, 0.20000, 0.20038
48394, -30, 500, 0.20000, 0.20038
48395, -30, 500, 0.20000, 0.20002
48396, -30, 500, 0.20000, 0.20038
48397, -30, 500, 0.20000, 0.20074
48398, -30, 500, 0.20000, 0.19823
48399, -30, 500, 0.20000, 0.19967
48400, -30, 500, 0.20000, 0.20146
48401, -30, 500, 0.20000, 0.19859
48402, -30, 500, 0.20000, 0.19967
48403, -30, 500, 0.20000, 0.20002
48404, -30, 500, 0.20000, 0.19931
48405, -30, 500, 0.20000, 0.19535
48406, -30, 500, 0.20000, 0.20002
48407, -30, 500, 0.20000, 0.20002
48408, -30, 500, 0.20000, 0.20182
48409, -30, 500, 0.20000, 0.20002
48410, -30, 500, 0.20000, 0.19931
48411, -30, 500, 0.20000, 0.20074
48412, -30, 500, 0.20000, 0.20002
48413, -30, 500, 0.20000, 0.20146
48414, -30, 500, 0.20000, 0.20002
48415, -30, 500, 0.20000, 0.20002
48416, -30, 500, 0.20000, 0.19823
48417, -30, 500, 0.20000, 0.20038
48418, -30, 500, 0.20000, 0.20002
48419, -30, 500, 0.20000, 0.20002
48420, -30, 500, 0.20000, 0.20038
48421, -30, 500, 0.20000, 0.20002
48422, -30, 500, 0.20000, 0.20074
48423, -30, 500, 0.20000, 0.20038
48424, -30, 500, 0.20000, 0.20110
48425, -30, 500, 0.20000, 0.20002
48426, -30, 500, 0.20000, 0.20038
48427, -30, 500, 0.20000, 0.20218
48428, -30, 500, 0.20000, 0.20254
48429, -30, 500, 0.20000, 0.19967
48430, -30, 500, 0.20000, 0.20110
48431, -30, 500, 0.20000, 0.20002
48432, -30, 500, 0.20000, 0.19967
48433, -30, 500, 0.20000, 0.20074
48434, -30, 500, 0.20000, 0.19931
48435, -30, 500, 0.20000, 0.20038
48436, -30, 500, 0.20000, 0.20002
48437, -30, 500, 0.20000, 0.19895
48438, -30, 500, 0.20000, 0.19967
48439, -30, 500, 0.20000, 0.20002
48440, -30, 500, 0.20000, 0.19931
48441, -30, 500, 0.20000, 0.19895
48442, -30, 500, 0.20000, 0.19931
48443, -30, 500, 0.20000, 0.20218
48444, -30, 500, 0.20000, 0.20002
48445, -30, 500, 0.20000, 0.19751
48446, -30, 500, 0.20000, 0.20038
48447, -30, 500, 0.20000, 0.20110
48448, -30, 500, 0.20000, 0.20002
48449, -30, 500, 0.20000, 0.19859
48450, -30, 500, 0.20000, 0.20002
48451, -30, 500, 0.20000, 0.19967
48452, -30, 500, 0.20000, 0.20002
48453, -30, 500, 0.20000, 0.20002
48454, -30, 500, 0.20000, 0.19967
48455, -30, 500, 0.20000, 0.19967
48456, -30, 500, 0.20000, 0.19967
48457, -30, 500, 0.20000, 0.20002
48458, -30, 500, 0.20000, 0.19895
48459, -30, 500, 0.20000, 0.19967
48460, -30, 500, 0.20000, 0.19931
48461, -30, 500, 0.20000, 0.19967
48462, -30, 500, 0.20000, 0.20002
48463, -30, 500, 0.20000, 0.20002
48464, -30, 500, 0.20000, 0.19967
48465, -30, 500, 0.20000, 0.19895
48466, -30, 500, 0.20000, 0.19967
48467, -30, 500, 0.20000, 0.19967
48468, -30, 500, 0.20000, 0.20002
48469, -30, 500, 0.20000, 0.19931
48470, -30, 500, 0.20000, 0.20002
48471, -30, 500, 0.20000, 0.19931
48472, -30, 500, 0.20000, 0.19859
48473, -30, 500, 0.20000, 0.20074
48474, -30, 500, 0.20000, 0.19931
48475, -30, 500, 0.20000, 0.20146
48476, -30, 500, 0.20000, 0.19859
48477, -30, 500, 0.20000, 0.20002
48478, -30, 500, 0.20000, 0.19931
48479, -30, 500, 0.20000, 0.20182
48480, -30, 500, 0.20000, 0.20002
48481, -30, 500, 0.20000, 0.19895
48482, -30, 500, 0.20000, 0.19859
48483, -30, 500, 0.20000, 0.19787
48484, -30, 500, 0.20000, 0.19787
48485, -30, 500, 0.20000, 0.20110
48486, -30, 500, 0.20000, 0.20002
48487, -30, 500, 0.20000, 0.19967
48488, -30, 500, 0.20000, 0.20038
48489, -30, 500, 0.20000, 0.20002
48490, -30, 500, 0.20000, 0.19895
48491, -30, 500, 0.20000, 0.19571
48492, -30, 500, 0.20000, 0.19967
48493, -30, 500, 0.20000, 0.19715
48494, -30, 500, 0.20000, 0.19931
48495, -30, 500, 0.20000, 0.20002
48496, -30, 500, 0.20000, 0.19895
48497, -30, 500, 0.20000, 0.19967
48498, -30, 500, 0.20000, 0.19967
48499, -30, 500, 0.20000, 0.19895
48500, -30, 500, 0.20000, 0.19967
48501, -30, 500, 0.20000, 0.19895
48502, -30, 500, 0.20000, 0.19967
48503, -30, 500, 0.20000, 0.20002
48504, -30, 500, 0.20000, 0.19967
48505, -30, 500, 0.20000, 0.20002
48506, -30, 500, 0.20000, 0.19895
48507, -30, 500, 0.20000, 0.20002
48508, -30, 500, 0.20000, 0.19967
48509, -30, 500, 0.20000, 0.19967
48510, -30, 500, 0.20000, 0.19967
48511, -30, 500, 0.20000, 0.19931
48512, -30, 500, 0.20000, 0.19931
48513, -30, 500, 0.20000, 0.19967
48514, -30, 500, 0.20000, 0.19931
48515, -30, 500, 0.20000, 0.19607
48516, -30, 500, 0.20000, 0.19859
48517, -30, 500, 0.20000, 0.19823
48518, -30, 500, 0.20000, 0.20074
48519, -30, 500, 0.20000, 0.19463
48520, -30, 500, 0.20000, 0.20038
48521, -30, 500, 0.20000, 0.20578
48522, -30, 500, 0.20000, 0.19715
48523, -30, 500, 0.20000, 0.19967
48524, -30, 500, 0.00000, 0.19895
48525, -30, 500, 0.00000, 0.19967
48526, -30, 500, 0.00000, 0.19499
48527, -30, 500, 0.00000, 0.18457
48528, -30, 500, 0.00000, 0.17091
48529, -30, 500, 0.00000, 0.15905
48530, -30, 500, 0.00000, 0.14719
48531, -30, 500, 0.00000, 0.12742
48532, -30, 500, 0.00000, 0.10872
48533, -30, 500, 0.00000, 0.08823
48534, -30, 500, 0.00000, 0.07170
48535, -30, 500, 0.00000, 0.05732
48536, -30, 500, 0.00000, 0.03899
48537, -30, 500, 0.00000, 0.02281
48538, -30, 500, 0.00000, 0.00987
48539, -30, 500, 0.00000, -0.00055
48540, -30, 500, 0.00000, -0.00882
48541, -30, 500, 0.00000, -0.01637
48542, -30, 500, 0.00000, -0.02212
48543, -30, 500, 0.00000, -0.02823
48544, -30, 500, 0.00000, -0.02931
48545, -30, 500, 0.00000, -0.03003
48546, -30, 500, 0.00000, -0.03110
48547, -30, 500, 0.00000, -0.03110
48548, -30, 500, 0.00000, -0.03182
48549, -30, 500, 0.00000, -0.03254
48550, -30, 500, 0.00000, -0.02859
48551, -30, 500, 0.00000, -0.02643
48552, -30, 500, 0.00000, -0.02679
48553, -30, 500, 0.00000, -0.02427
48554, -30, 500, 0.00000, -0.01744
48555, -30, 500, 0.00000, -0.01457
48556, -30, 500, 0.00000, -0.01097
48557, -30, 500, 0.00000, -0.00702
48558, -30, 500, 0.00000, -0.00558
48559, -30, 500, 0.00000, -0.00091
48560, -30, 500, 0.00000, -0.00235
48561, -30, 500, 0.00000, -0.00019
48562, -30, 500, 0.00000, 0.00089
48563, -30, 500, 0.00000, 0.00340
48564, -30, 500, 0.00000, 0.00664
48565, -30, 500, 0.00000, 0.00448
48566, -30, 500, 0.00000, 0.00412
48567, -30, 500, 0.00000, 0.00592
48568, -30, 500, 0.00000, 0.00484
48569, -30, 500, 0.00000, 0.00340
48570, -30, 500, 0.00000, 0.00448
48571, -30, 500, 0.00000, 0.00304
48572, -30, 500, 0.00000, 0.00484
48573, -30, 500, 0.00000, 0.00197
48574, -30, 500, 0.00000, 0.00304
48575, -30, 500, 0.00000, 0.00304
48576, -30, 500, 0.00000, 0.00304
48577, -30, 500, 0.00000, 0.00161
48578, -30, 500, 0.00000, 0.00125
48579, -30, 500, 0.00000, 0.00448
48580, -30, 500, 0.00000, -0.00055
48581, -30, 500, 0.00000, -0.00163
48582, -30, 500, 0.00000, -0.00127
48583, -30, 500, 0.00000, -0.00055
48584, -30, 500, 0.00000, -0.00199
48585, -30, 500, 0.00000, -0.00127
48586, -30, 500, 0.00000, -0.00127
48587, -30, 500, 0.00000, -0.00127
48588, -30, 500, 0.00000, -0.00019
48589, -30, 500, 0.00000, -0.00127
48590, -30, 500, 0.00000, -0.00091
48591, -30, 500, 0.00000, -0.00127
48592, -30, 500, 0.00000, -0.00199
48593, -30, 500, 0.00000, -0.00091
48594, -30, 500, 0.00000, -0.00127
48595, -30, 500, 0.00000, -0.00127
48596, -30, 500, 0.00000, 0.00017
48597, -30, 500, 0.00000, -0.00055
48598, -30, 500, 0.00000, 0.00017
48599, -30, 500, 0.00000, -0.00091
48600, -30, 500, 0.00000, 0.00017
48601, -30, 500, 0.00000, -0.00019
48602, -30, 500, 0.00000, -0.00019
48603, -30, 500, 0.00000, 0.00017
48604, -30, 500, 0.00000, -0.00127
48605, -30, 500, 0.00000, 0.00017
48606, -30, 500, 0.00000, -0.00019
48607, -30, 500, 0.00000, 0.00053
48608, -30, 500, 0.00000, -0.00055
48609, -30, 500, 0.00000, -0.00055
48610, -30, 500, 0.00000, -0.00271
48611, -30, 500, 0.00000, 0.00053
48612, -30, 500, 0.00000, -0.00055
48613, -30, 500, 0.00000, -0.00091
48614, -30, 500, 0.00000, -0.00055
48615, -30, 500, 0.00000, 0.00017
48616, -30, 500, 0.00000, 0.00017
48617, -30, 500, 0.00000, 0.00017
48618, -30, 500, 0.00000, -0.00127
48619, -30, 500, 0.00000, 0.00125
48620, -30, 500, 0.00000, -0.00091
48621, -30, 500, 0.00000, 0.00017
48622, -30, 500, 0.00000, -0.00019
48623, -30, 500, 0.00000, 0.00017
48624, -30, 500, 0.00000, -0.00019
48625, -30, 500, 0.00000, -0.00091
48626, -30, 500, 0.00000, 0.00017
48627, -30, 500, 0.00000, 0.00269
48628, -30, 500, 0.00000, 0.00053
48629, -30, 500, 0.00000, -0.00091
48630, -30, 500, 0.00000, -0.00055
48631, -30, 500, 0.00000, 0.00017
48632, -30, 500, 0.00000, -0.00055
48633, -30, 500, 0.00000, -0.00127
48634, -30, 500, 0.00000, -0.00019
48635, -30, 500, 0.00000, 0.00233
48636, -30, 500, 0.00000, -0.00055
48637, -30, 500, 0.00000, -0.00055
48638, -30, 500, 0.00000, -0.00127
48639, -30, 500, 0.00000, -0.00091
48640, -30, 500, 0.00000, -0.00163
48641, -30, 500, 0.00000, 0.00053
48642, -30, 500, 0.00000, 0.00161
48643, -30, 500, 0.00000, 0.00053
48644, -30, 500, 0.00000, 0.00233
48645, -30, 500, 0.00000, 0.00125
48646, -30, 500, 0.00000, -0.00091
48647, -30, 500, 0.00000, -0.00055
48648, -30, 500, 0.00000, 0.00089
48649, -30, 500, 0.00000, 0.00017
48650, -30, 500, 0.00000, -0.00019
48651, -30, 500, 0.00000, 0.00017
48652, -30, 500, 0.00000, -0.00019
48653, -30, 500, 0.00000, -0.00055
48654, -30, 500, 0.00000, -0.00091
48655, -30, 500, 0.00000, 0.00053
48656, -30, 500, 0.00000, -0.00019
48657, -30, 500, 0.00000, 0.00233
48658, -30, 500, 0.00000, -0.00055
48659, -30, 500, 0.00000, 0.00017
48660, -30, 500, 0.00000, -0.00055
48661, -30, 500, 0.00000, 0.00269
48662, -30, 500, 0.00000, -0.00091
48663, -30, 500, 0.00000, 0.00089
48664, -30, 500, 0.00000, -0.00019
48665, -30, 500, 0.00000, 0.00125
48666, -30, 500, 0.00000, 0.00017
48667, -30, 500, 0.00000, -0.00486
48668, -30, 500, 0.00000, -0.00019
48669, -30, 500, 0.00000, -0.00019
48670, -30, 500, 0.00000, 0.00089
48671, -30, 500, 0.00000, -0.00055
48672, -30, 500, 0.00000, 0.00089
48673, -30, 500, 0.00000, 0.00053
48674, -30, 500, 0.00000, -0.00127
48675, -30, 500, 0.00000, 0.00125
48676, -30, 500, 0.00000, -0.00019
48677, -30, 500, 0.00000, -0.00055
48678, -30, 500, 0.00000, -0.00199
48679, -30, 500, 0.00000, -0.00019
48680, -30, 500, 0.00000, 0.00017
48681, -30, 500, 0.00000, 0.00017
48682, -30, 500, 0.00000, 0.00412
48683, -30, 500, 0.00000, 0.00089
48684, -30, 500, 0.00000, -0.00019
48685, -30, 500, 0.00000, 0.00017
48686, -30, 500, 0.00000, -0.00019
48687, -30, 500, 0.00000, -0.00127
48688, -30, 500, 0.00000, 0.00017
48689, -30, 500, 0.00000, 0.00017
48690, -30, 500, 0.00000, 0.00017
48691, -30, 500, 0.00000, -0.00091
48692, -30, 500, 0.00000, 0.00017
48693, -30, 500, 0.00000, -0.00055
48694, -30, 500, 0.00000, -0.00127
48695, -30, 500, 0.00000, 0.00269
48696, -30, 500, 0.00000, 0.00053
48697, -30, 500, 0.00000, 0.00089
48698, -30, 500, 0.00000, 0.00233
48699, -30, 500, 0.00000, -0.00055
48700, -30, 500, 0.00000, 0.00017
48701, -30, 500, 0.00000, -0.00055
48702, -30, 500, 0.00000, 0.00053
48703, -30, 500, 0.00000, 0.00017
48704, -30, 500, 0.00000, -0.00091
48705, -30, 500, 0.00000, 0.00017
48706, -30, 500, 0.00000, 0.00017
48707, -30, 500, 0.00000, -0.00055
48708, -30, 500, 0.00000, -0.00055
48709, -30, 500, 0.00000, -0.00019
48710, -30, 500, 0.00000, 0.00089
48711, -30, 500, 0.00000, -0.00091
48712, -30, 500, 0.00000, 0.00125
48713, -30, 500, 0.00000, -0.00091
48714, -30, 500, 0.00000, -0.00127
48715, -30, 500, 0.00000, 0.00053
48716, -30, 500, 0.00000, -0.00019
48717, -30, 500, 0.00000, -0.00019
48718, -30, 500, 0.00000, -0.00055
48719, -30, 500, 0.00000, -0.00019
48720, -30, 500, 0.00000, 0.00089
48721, -30, 500, 0.00000, 0.00125
48722, -30, 500, 0.00000, -0.00055
48723, -30, 500, 0.00000, -0.00019
48724, -30, 500, 0.00000, 0.00017
48725, -30, 500, 0.00000, 0.00053
48726, -30, 500, 0.00000, -0.00127
48727, -30, 500, 0.00000, -0.00055
48728, -30, 500, 0.00000, -0.00019
48729, -30, 500, 0.00000, -0.00055
48730, -30, 500, 0.00000, 0.00017
48731, -30, 500, 0.00000, -0.00055
48732, -30, 500, 0.00000, 0.00017
48733, -30, 500, 0.00000, -0.00019
48734, -30, 500, 0.00000, 0.00053
48735, -30, 500, 0.00000, 0.00017
48736, -30, 500, 0.00000, -0.00091
48737, -30, 500, 0.00000, -0.00019
48738, -30, 500, 0.00000, -0.00091
48739, -30, 500, 0.00000, 0.00017
48740, -30, 500, 0.00000, 0.00089
48741, -30, 500, 0.00000, 0.00017
48742, -30, 500, 0.00000, 0.00089
48743, -30, 500, 0.00000, -0.00055
48744, -30, 500, 0.00000, 0.00089
48745, -30, 500, 0.00000, 0.00017
48746, -30, 500, 0.00000, -0.00055
48747, -30, 500, 0.00000, 0.00017
48748, -30, 500, 0.00000, -0.00019
48749, -30, 500, 0.00000, -0.00055
48750, -30, 500, 0.00000, 0.00053
48751, -30, 500, 0.00000, -0.00055
48752, -30, 500, 0.00000, -0.00055
48753, -30, 500, 0.00000, -0.00019
48754, -30, 500, 0.00000, -0.00055
48755, -30, 500, 0.00000, 0.00053
48756, -30, 500, 0.00000, -0.00127
48757, -30, 500, 0.00000, -0.00055
48758, -30, 500, 0.00000, 0.00089
48759, -30, 500, 0.00000, 0.00017
48760, -30, 500, 0.00000, 0.00017
48761, -30, 500, 0.00000, -0.00055
48762, -30, 500, 0.00000, 0.00017
48763, -30, 500, 0.00000, 0.00017
48764, -30, 500, 0.00000, 0.00017
48765, -30, 500, 0.00000, -0.00235
48766, -30, 500, 0.00000, -0.00019
48767, -30, 500, 0.00000, 0.00053
48768, -30, 500, 0.00000, -0.00019
48769, -30, 500, 0.00000, -0.00019
48770, -30, 500, 0.00000, 0.00089
48771, -30, 500, 0.00000, 0.00017
48772, -30, 500, 0.00000, -0.00019
48773, -30, 500, 0.00000, -0.00055
48774, -30, 500, 0.00000, -0.00055
48775, -30, 500, 0.00000, -0.00055
48776, -30, 500, 0.00000, -0.00019
48777, -30, 500, 0.00000, -0.00199
48778, -30, 500, 0.00000, 0.00053
48779, -30, 500, 0.00000, -0.00307
48780, -30, 500, 0.00000, 0.00017
48781, -30, 500, 0.00000, -0.00055
48782, -30, 500, 0.00000, 0.00017
48783, -30, 500, 0.00000, 0.00125
48784, -30, 500, 0.00000, 0.00017
48785, -30, 500, 0.00000, 0.00017
48786, -30, 500, 0.00000, -0.00019
48787, -30, 500, 0.00000, -0.00019
48788, -30, 500, 0.00000, 0.00125
48789, -30, 500, 0.00000, -0.00055
48790, -30, 500, 0.00000, -0.00163
48791, -30, 500, 0.00000, -0.00055
48792, -30, 500, 0.00000, 0.00017
48793, -30, 500, 0.00000, 0.00053
48794, -30, 500, 0.00000, 0.00053
48795, -30, 500, 0.00000, -0.00055
48796, -30, 500, 0.00000, -0.00091
48797, -30, 500, 0.00000, 0.00017
48798, -30, 500, 0.00000, 0.00017
48799, -30, 500, 0.00000, 0.00053
48800, -30, 500, 0.00000, -0.00019
48801, -30, 500, 0.00000, -0.00091
48802, -30, 500, 0.00000, 0.00053
48803, -30, 500, 0.00000, 0.00089
48804, -30, 500, 0.00000, -0.00019
48805, -30, 500, 0.00000, 0.00089
48806, -30, 500, 0.00000, 0.00017
48807, -30, 500, 0.00000, -0.00019
48808, -30, 500, 0.00000, 0.00017
48809, -30, 500, 0.00000, -0.00019
48810, -30, 500, 0.00000, 0.00053
48811, -30, 500, 0.00000, -0.00055
48812, -30, 500, 0.00000, -0.00127
48813, -30, 500, 0.00000, 0.00017
48814, -30, 500, 0.00000, 0.00197
48815, -30, 500, 0.00000, -0.00091
48816, -30, 500, 0.00000, -0.00019
48817, -30, 500, 0.00000, -0.00019
48818, -30, 500, 0.00000, -0.00019
48819, -30, 500, 0.00000, 0.00017
48820, -30, 500, 0.00000, -0.00019
48821, -30, 500, 0.00000, 0.00017
48822, -30, 500, 0.00000, 0.00017
48823, -30, 500, 0.00000, 0.00412
48824, -30, 500, 0.00000, 0.00017
48825, -30, 500, 0.00000, -0.00235
48826, -30, 500, 0.00000, 0.00089
48827, -30, 500, 0.00000, -0.00019
48828, -30, 500, 0.20000, 0.00161
48829, -30, 500, 0.20000, 0.00233
48830, -30, 500, 0.20000, 0.00880
48831, -30, 500, 0.20000, 0.02281
48832, -30, 500, 0.20000, 0.04151
48833, -30, 500, 0.20000, 0.06020
48834, -30, 500, 0.20000, 0.07853
48835, -30, 500, 0.20000, 0.09578
48836, -30, 500, 0.20000, 0.12059
48837, -30, 500, 0.20000, 0.13353
48838, -30, 500, 0.20000, 0.15366
48839, -30, 500, 0.20000, 0.17091
48840, -30, 500, 0.20000, 0.18601
48841, -30, 500, 0.20000, 0.19895
48842, -30, 500, 0.20000, 0.20973
48843, -30, 500, 0.20000, 0.21800
48844, -30, 500, 0.20000, 0.22375
48845, -30, 500, 0.20000, 0.22878
48846, -30, 500, 0.20000, 0.23058
48847, -30, 500, 0.20000, 0.23274
48848, -30, 500, 0.20000, 0.23202
48849, -30, 500, 0.20000, 0.23130
48850, -30, 500, 0.20000, 0.23058
48851, -30, 500, 0.20000, 0.22591
48852, -30, 500, 0.20000, 0.22231
48853, -30, 500, 0.20000, 0.21908
48854, -30, 500, 0.20000, 0.21584
48855, -30, 500, 0.20000, 0.21368
48856, -30, 500, 0.20000, 0.20901
48857, -30, 500, 0.20000, 0.20650
48858, -30, 500, 0.20000, 0.20470
48859, -30, 500, 0.20000, 0.20074
48860, -30, 500, 0.20000, 0.19967
48861, -30, 500, 0.20000, 0.19535
48862, -30, 500, 0.20000, 0.19607
48863, -30, 500, 0.20000, 0.19535
48864, -30, 500, 0.20000, 0.19355
48865, -30, 500, 0.20000, 0.19463
48866, -30, 500, 0.20000, 0.19427
48867, -30, 500, 0.20000, 0.19463
48868, -30, 500, 0.20000, 0.19499
48869, -30, 500, 0.20000, 0.19427
48870, -30, 500, 0.20000, 0.19427
48871, -30, 500, 0.20000, 0.19391
48872, -30, 500, 0.20000, 0.19391
48873, -30, 500, 0.20000, 0.19499
48874, -30, 500, 0.20000, 0.19571
48875, -30, 500, 0.20000, 0.19571
48876, -30, 500, 0.20000, 0.19679
48877, -30, 500, 0.20000, 0.19787
48878, -30, 500, 0.20000, 0.19787
48879, -30, 500, 0.20000, 0.19895
48880, -30, 500, 0.20000, 0.19967
48881, -30, 500, 0.20000, 0.19931
48882, -30, 500, 0.20000, 0.20002
48883, -30, 500, 0.20000, 0.20182
48884, -30, 500, 0.20000, 0.20254
48885, -30, 500, 0.20000, 0.20110
48886, -30, 500, 0.20000, 0.20002
48887, -30, 500, 0.20000, 0.20218
48888, -30, 500, 0.20000, 0.19859
48889, -30, 500, 0.20000, 0.20290
48890, -30, 500, 0.20000, 0.20182
48891, -30, 500, 0.20000, 0.20074
48892, -30, 500, 0.20000, 0.20110
48893, -30, 500, 0.20000, 0.20650
48894, -30, 500, 0.20000, 0.20110
48895, -30, 500, 0.20000, 0.20038
48896, -30, 500, 0.20000, 0.20074
48897, -30, 500, 0.20000, 0.20146
48898, -30, 500, 0.20000, 0.20110
48899, -30, 500, 0.20000, 0.20290
48900, -30, 500, 0.20000, 0.20002
48901, -30, 500, 0.20000, 0.19931
48902, -30, 500, 0.20000, 0.20074
48903, -30, 500, 0.20000, 0.19931
48904, -30, 500, 0.20000, 0.19895
48905, -30, 500, 0.20000, 0.19931
48906, -30, 500, 0.20000, 0.19859
48907, -30, 500, 0.20000, 0.20362
48908, -30, 500, 0.20000, 0.19823
48909, -30, 500, 0.20000, 0.19931
48910, -30, 500, 0.20000, 0.19895
48911, -30, 500, 0.20000, 0.19931
48912, -30, 500, 0.20000, 0.19967
48913, -30, 500, 0.20000, 0.19895
48914, -30, 500, 0.20000, 0.20002
48915, -30, 500, 0.20000, 0.19967
48916, -30, 500, 0.20000, 0.19967
48917, -30, 500, 0.20000, 0.19895
48918, -30, 500, 0.20000, 0.20038
48919, -30, 500, 0.20000, 0.20002
48920, -30, 500, 0.20000, 0.19967
48921, -30, 500, 0.20000, 0.20218
48922, -30, 500, 0.20000, 0.19967
48923, -30, 500, 0.20000, 0.19895
48924, -30, 500, 0.20000, 0.20074
48925, -30, 500, 0.20000, 0.19967
48926, -30, 500, 0.20000, 0.19895
48927, -30, 500, 0.20000, 0.19967
48928, -30, 500, 0.20000, 0.19967
48929, -30, 500, 0.20000, 0.20002
48930, -30, 500, 0.20000, 0.19967
48931, -30, 500, 0.20000, 0.19967
48932, -30, 500, 0.20000, 0.20002
48933, -30, 500, 0.20000, 0.20290
48934, -30, 500, 0.20000, 0.20038
48935, -30, 500, 0.20000, 0.20038
48936, -30, 500, 0.20000, 0.20038
48937, -30, 500, 0.20000, 0.20002
48938, -30, 500, 0.20000, 0.20074
48939, -30, 500, 0.20000, 0.19535
48940, -30, 500, 0.20000, 0.19643
48941, -30, 500, 0.20000, 0.20074
48942, -30, 500, 0.20000, 0.19823
48943, -30, 500, 0.20000, 0.20002
48944, -30, 500, 0.20000, 0.19967
48945, -30, 500, 0.20000, 0.19931
48946, -30, 500, 0.20000, 0.19859
48947, -30, 500, 0.20000, 0.19859
48948, -30, 500, 0.20000, 0.19931
48949, -30, 500, 0.20000, 0.19931
48950, -30, 500, 0.20000, 0.20002
48951, -30, 500, 0.20000, 0.19967
48952, -30, 500, 0.20000, 0.19463
48953, -30, 500, 0.20000, 0.19895
48954, -30, 500, 0.20000, 0.20038
48955, -30, 500, 0.20000, 0.19967
48956, -30, 500, 0.20000, 0.19679
48957, -30, 500, 0.20000, 0.20002
48958, -30, 500, 0.20000, 0.19859
48959, -30, 500, 0.20000, 0.19967
48960, -30, 500, 0.20000, 0.20002
48961, -30, 500, 0.20000, 0.19931
48962, -30, 500, 0.20000, 0.20002
48963, -30, 500, 0.20000, 0.19931
48964, -30, 500, 0.20000, 0.20038
48965, -30, 500, 0.20000, 0.19967
48966, -30, 500, 0.20000, 0.20038
48967, -30, 500, 0.20000, 0.19931
48968, -30, 500, 0.20000, 0.19967
48969, -30, 500, 0.20000, 0.20002
48970, -30, 500, 0.20000, 0.20002
48971, -30, 500, 0.20000, 0.20290
48972, -30, 500, 0.20000, 0.19895
48973, -30, 500, 0.20000, 0.20038
48974, -30, 500, 0.20000, 0.19931
48975, -30, 500, 0.20000, 0.19967
48976, -30, 500, 0.20000, 0.19967
48977, -30, 500, 0.20000, 0.19967
48978, -30, 500, 0.20000, 0.19931
48979, -30, 500, 0.20000, 0.20146
48980, -30, 500, 0.20000, 0.20002
48981, -30, 500, 0.20000, 0.19751
48982, -30, 500, 0.20000, 0.20002
48983, -30, 500, 0.20000, 0.20002
48984, -30, 500, 0.20000, 0.19967
48985, -30, 500, 0.20000, 0.20074
48986, -30, 500, 0.20000, 0.20074
48987, -30, 500, 0.20000, 0.20002
48988, -30, 500, 0.20000, 0.20110
48989, -30, 500, 0.20000, 0.19967
48990, -30, 500, 0.20000, 0.20002
48991, -30, 500, 0.20000, 0.19967
48992, -30, 500, 0.20000, 0.19499
48993, -30, 500, 0.20000, 0.20002
48994, -30, 500, 0.20000, 0.20002
48995, -30, 500, 0.20000, 0.19931
48996, -30, 500, 0.20000, 0.19967
48997, -30, 500, 0.20000, 0.20002
48998, -30, 500, 0.20000, 0.19967
48999, -30, 500, 0.20000, 0.20542
49000, -30, 500, 0.20000, 0.19967
49001, -30, 500, 0.20000, 0.19967
49002, -30, 500, 0.20000, 0.19967
49003, -30, 500, 0.20000, 0.19967
49004, -30, 500, 0.20000, 0.20002
49005, -30, 500, 0.20000, 0.20074
49006, -30, 500, 0.20000, 0.19967
49007, -30, 500, 0.20000, 0.19967
49008, -30, 500, 0.20000, 0.20074
49009, -30, 500, 0.20000, 0.19895
49010, -30, 500, 0.20000, 0.20038
49011, -30, 500, 0.20000, 0.19895
49012, -30, 500, 0.20000, 0.19895
49013, -30, 500, 0.20000, 0.19751
49014, -30, 500, 0.20000, 0.20074
49015, -30, 500, 0.20000, 0.20074
49016, -30, 500, 0.20000, 0.19931
49017, -30, 500, 0.20000, 0.20434
49018, -30, 500, 0.20000, 0.20002
49019, -30, 500, 0.20000, 0.20218
49020, -30, 500, 0.20000, 0.20038
49021, -30, 500, 0.20000, 0.20038
49022, -30, 500, 0.20000, 0.20002
49023, -30, 500, 0.20000, 0.20074
49024, -30, 500, 0.20000, 0.19859
49025, -30, 500, 0.20000, 0.20182
49026, -30, 500, 0.20000, 0.20290
49027, -30, 500, 0.20000, 0.19967
49028, -30, 500, 0.20000, 0.20110
49029, -30, 500, 0.20000, 0.20002
49030, -30, 500, 0.20000, 0.20002
49031, -30, 500, 0.20000, 0.19715
49032, -30, 500, 0.20000, 0.20038
49033, -30, 500, 0.20000, 0.20002
49034, -30, 500, 0.20000, 0.20002
49035, -30, 500, 0.20000, 0.20002
49036, -30, 500, 0.20000, 0.20146
49037, -30, 500, 0.20000, 0.19967
49038, -30, 500, 0.20000, 0.19859
49039, -30, 500, 0.20000, 0.19895
49040, -30, 500, 0.20000, 0.19931
49041, -30, 500, 0.20000, 0.19895
49042, -30, 500, 0.20000, 0.20002
49043, -30, 500, 0.20000, 0.19823
49044, -30, 500, 0.20000, 0.19967
49045, -30, 500, 0.20000, 0.19895
49046, -30, 500, 0.20000, 0.20110
49047, -30, 500, 0.20000, 0.20038
49048, -30, 500, 0.20000, 0.20470
49049, -30, 500, 0.20000, 0.19967
49050, -30, 500, 0.20000, 0.20002
49051, -30, 500, 0.20000, 0.19931
49052, -30, 500, 0.20000, 0.19931
49053, -30, 500, 0.20000, 0.19931
49054, -30, 500, 0.20000, 0.20038
49055, -30, 500, 0.20000, 0.20002
49056, -30, 500, 0.20000, 0.20038
49057, -30, 500, 0.20000, 0.20002
49058, -30, 500, 0.20000, 0.19931
49059, -30, 500, 0.20000, 0.19967
49060, -30, 500, 0.20000, 0.20002
49061, -30, 500, 0.20000, 0.20074
49062, -30, 500, 0.20000, 0.20074
49063, -30, 500, 0.20000, 0.20038
49064, -30, 500, 0.20000, 0.19895
49065, -30, 500, 0.20000, 0.19967
49066, -30, 500, 0.20000, 0.20002
49067, -30, 500, 0.20000, 0.20002
49068, -30, 500, 0.20000, 0.19823
49069, -30, 500, 0.20000, 0.19967
49070, -30, 500, 0.20000, 0.20542
49071, -30, 500, 0.20000, 0.19931
49072, -30, 500, 0.20000, 0.19967
49073, -30, 500, 0.20000, 0.19931
49074, -30, 500, 0.20000, 0.20074
49075, -30, 500, 0.20000, 0.19895
49076, -30, 500, 0.20000, 0.20038
49077, -30, 500, 0.20000, 0.19859
49078, -30, 500, 0.20000, 0.20038
49079, -30, 500, 0.20000, 0.20110
49080, -30, 500, 0.20000, 0.20038
49081, -30, 500, 0.20000, 0.20002
49082, -30, 500, 0.20000, 0.19967
49083, -30, 500, 0.20000, 0.19823
49084, -30, 500, 0.20000, 0.20146
49085, -30, 500, 0.20000, 0.19787
49086, -30, 500, 0.20000, 0.20110
49087, -30, 500, 0.20000, 0.20110
49088, -30, 500, 0.20000, 0.19967
49089, -30, 500, 0.20000, 0.19931
49090, -30, 500, 0.20000, 0.19859
49091, -30, 500, 0.20000, 0.19967
49092, -30, 500, 0.20000, 0.20002
49093, -30, 500, 0.20000, 0.19967
49094, -30, 500, 0.20000, 0.20146
49095, -30, 500, 0.20000, 0.20002
49096, -30, 500, 0.20000, 0.20074
49097, -30, 500, 0.20000, 0.20002
49098, -30, 500, 0.20000, 0.20038
49099, -30, 500, 0.20000, 0.19967
49100, -30, 500, 0.20000, 0.20002
49101, -30, 500, 0.20000, 0.20074
49102, -30, 500, 0.20000, 0.20793
49103, -30, 500, 0.20000, 0.20973
49104, -30, 500, 0.20000, 0.20002
49105, -30, 500, 0.20000, 0.19931
49106, -30, 500, 0.20000, 0.20002
49107, -30, 500, 0.20000, 0.19823
49108, -30, 500, 0.20000, 0.19859
49109, -30, 500, 0.20000, 0.19967
49110, -30, 500, 0.20000, 0.19967
49111, -30, 500, 0.20000, 0.20038
49112, -30, 500, 0.20000, 0.20002
49113, -30, 500, 0.20000, 0.20038
49114, -30, 500, 0.20000, 0.20002
49115, -30, 500, 0.20000, 0.19931
49116, -30, 500, 0.20000, 0.20002
49117, -30, 500, 0.20000, 0.20038
49118, -30, 500, 0.20000, 0.19967
49119, -30, 500, 0.20000, 0.19643
49120, -30, 500, 0.20000, 0.19643
49121, -30, 500, 0.20000, 0.19931
49122, -30, 500, 0.20000, 0.20146
49123, -30, 500, 0.20000, 0.19931
49124, -30, 500, 0.20000, 0.19967
49125, -30, 500, 0.20000, 0.20002
49126, -30, 500, 0.20000, 0.19931
49127, -30, 500, 0.20000, 0.19931
49128, -30, 500, 0.20000, 0.20074
49129, -30, 500, 0.20000, 0.20002
49130, -30, 500, 0.20000, 0.20074
49131, -30, 500, 0.20000, 0.19967
49132, -30, 500, 0.20000, 0.20074
49133, -30, 500, 0.20000, 0.20038
49134, -30, 500, 0.20000, 0.19931
49135, -30, 500, 0.20000, 0.19895
49136, -30, 500, 0.20000, 0.20182
49137, -30, 500, 0.00000, 0.20146
49138, -30, 500, 0.00000, 0.19931
49139, -30, 500, 0.00000, 0.19355
49140, -30, 500, 0.00000, 0.18385
49141, -30, 500, 0.00000, 0.17019
49142, -30, 500, 0.00000, 0.15401
49143, -30, 500, 0.00000, 0.13460
49144, -30, 500, 0.00000, 0.11412
49145, -30, 500, 0.00000, 0.09578
49146, -30, 500, 0.00000, 0.07709
49147, -30, 500, 0.00000, 0.06559
49148, -30, 500, 0.00000, 0.04007
49149, -30, 500, 0.00000, 0.02641
49150, -30, 500, 0.00000, 0.01167
49151, -30, 500, 0.00000, 0.00017
49152, -30, 500, 0.00000, -0.00810
49153, -30, 500, 0.00000, -0.01708
49154, -30, 500, 0.00000, -0.02320
49155, -30, 500, 0.00000, -0.03146
49156, -30, 500, 0.00000, -0.03074
49157, -30, 500, 0.00000, -0.03182
49158, -30, 500, 0.00000, -0.03146
49159, -30, 500, 0.00000, -0.02931
49160, -30, 500, 0.00000, -0.02823
49161, -30, 500, 0.00000, -0.02571
49162, -30, 500, 0.00000, -0.02320
49163, -30, 500, 0.00000, -0.01852
49164, -30, 500, 0.00000, -0.01385
49165, -30, 500, 0.00000, -0.01241
49166, -30, 500, 0.00000, -0.00954
49167, -30, 500, 0.00000, -0.00630
49168, -30, 500, 0.00000, -0.00271
49169, -30, 500, 0.00000, -0.00307
49170, -30, 500, 0.00000, -0.00019
49171, -30, 500, 0.00000, 0.00448
49172, -30, 500, 0.00000, 0.00197
49173, -30, 500, 0.00000, 0.00304
49174, -30, 500, 0.00000, 0.00340
49175, -30, 500, 0.00000, 0.00448
49176, -30, 500, 0.00000, 0.00484
49177, -30, 500, 0.00000, 0.00233
49178, -30, 500, 0.00000, 0.00412
49179, -30, 500, 0.00000, 0.00376
49180, -30, 500, 0.00000, 0.00304
49181, -30, 500, 0.00000, 0.00340
49182, -30, 500, 0.00000, 0.00304
49183, -30, 500, 0.00000, 0.00125
49184, -30, 500, 0.00000, 0.00125
49185, -30, 500, 0.00000, 0.00269
49186, -30, 500, 0.00000, 0.00053
49187, -30, 500, 0.00000, 0.00125
49188, -30, 500, 0.00000, -0.00019
49189, -30, 500, 0.00000, -0.00199
49190, -30, 500, 0.00000, -0.00199
49191, -30, 500, 0.00000, -0.00091
49192, -30, 500, 0.00000, 0.00053
49193, -30, 500, 0.00000, -0.00271
49194, -30, 500, 0.00000, -0.00055
49195, -30, 500, 0.00000, -0.00127
49196, -30, 500, 0.00000, -0.00019
49197, -30, 500, 0.00000, -0.00163
49198, -30, 500, 0.00000, 0.00125
49199, -30, 500, 0.00000, -0.00091
49200, -30, 500, 0.00000, -0.00163
49201, -30, 500, 0.00000, -0.00055
49202, -30, 500, 0.00000, -0.00019
49203, -30, 500, 0.00000, -0.00199
49204, -30, 500, 0.00000, 0.00053
49205, -30, 500, 0.00000, -0.00414
49206, -30, 500, 0.00000, -0.00055
49207, -30, 500, 0.00000, 0.00053
49208, -30, 500, 0.00000, -0.00055
49209, -30, 500, 0.00000, -0.00019
49210, -30, 500, 0.00000, 0.00053
49211, -30, 500, 0.00000, 0.00125
49212, -30, 500, 0.00000, -0.00307
49213, -30, 500, 0.00000, 0.00017
49214, -30, 500, 0.00000, 0.00017
49215, -30, 500, 0.00000, 0.00089
49216, -30, 500, 0.00000, 0.00304
49217, -30, 500, 0.00000, 0.00017
49218, -30, 500, 0.00000, -0.00055
49219, -30, 500, 0.00000, -0.00019
49220, -30, 500, 0.00000, 0.00017
49221, -30, 500, 0.00000, 0.00233
49222, -30, 500, 0.00000, -0.00055
49223, -30, 500, 0.00000, -0.00055
49224, -30, 500, 0.00000, -0.00055
49225, -30, 500, 0.00000, -0.00019
49226, -30, 500, 0.00000, -0.00055
49227, -30, 500, 0.00000, -0.00019
49228, -30, 500, 0.00000, -0.00055
49229, -30, 500, 0.00000, 0.00053
49230, -30, 500, 0.00000, 0.00269
49231, -30, 500, 0.00000, 0.00017
49232, -30, 500, 0.00000, 0.00161
49233, -30, 500, 0.00000, -0.00019
49234, -30, 500, 0.00000, -0.00019
49235, -30, 500, 0.00000, 0.00017
49236, -30, 500, 0.00000, 0.00017
49237, -30, 500, 0.00000, -0.00019
49238, -30, 500, 0.00000, -0.00055
49239, -30, 500, 0.00000, -0.00019
49240, -30, 500, 0.00000, 0.00053
49241, -30, 500, 0.00000, -0.00019
49242, -30, 500, 0.00000, -0.00163
49243, -30, 500, 0.00000, -0.00091
49244, -30, 500, 0.00000, 0.00053
49245, -30, 500, 0.00000, 0.00089
49246, -30, 500, 0.00000, 0.00089
49247, -30, 500, 0.00000, -0.00019
49248, -30, 500, 0.00000, -0.00019
49249, -30, 500, 0.00000, 0.00628
49250, -30, 500, 0.00000, -0.00127
49251, -30, 500, 0.00000, -0.00055
49252, -30, 500, 0.00000, -0.00019
49253, -30, 500, 0.00000, -0.00091
49254, -30, 500, 0.00000, -0.00055
49255, -30, 500, 0.00000, 0.00017
49256, -30, 500, 0.00000, -0.00055
49257, -30, 500, 0.00000, -0.00127
49258, -30, 500, 0.00000, -0.00091
49259, -30, 500, 0.00000, 0.00053
49260, -30, 500, 0.00000, -0.00055
49261, -30, 500, 0.00000, 0.00089
49262, -30, 500, 0.00000, -0.00055
49263, -30, 500, 0.00000, -0.00019
49264, -30, 500, 0.00000, -0.00019
49265, -30, 500, 0.00000, 0.00017
49266, -30, 500, 0.00000, 0.00340
49267, -30, 500, 0.00000, -0.00163
49268, -30, 500, 0.00000, -0.00055
49269, -30, 500, 0.00000, -0.00594
49270, -30, 500, 0.00000, 0.00233
49271, -30, 500, 0.00000, -0.00055
49272, -30, 500, 0.00000, -0.00163
49273, -30, 500, 0.00000, 0.00053
49274, -30, 500, 0.00000, 0.00053
49275, -30, 500, 0.00000, 0.00017
49276, -30, 500, 0.00000, 0.00376
49277, -30, 500, 0.00000, 0.00125
49278, -30, 500, 0.00000, 0.00161
49279, -30, 500, 0.00000, -0.00055
49280, -30, 500, 0.00000, 0.00269
49281, -30, 500, 0.00000, 0.00017
49282, -30, 500, 0.00000, -0.00199
49283, -30, 500, 0.00000, -0.00091
49284, -30, 500, 0.00000, -0.00055
49285, -30, 500, 0.00000, -0.00127
49286, -30, 500, 0.00000, -0.00055
49287, -30, 500, 0.00000, -0.00019
49288, -30, 500, 0.00000, -0.00055
49289, -30, 500, 0.00000, 0.00053
49290, -30, 500, 0.00000, 0.00197
49291, -30, 500, 0.00000, 0.00017
49292, -30, 500, 0.00000, 0.00017
49293, -30, 500, 0.00000, -0.00019
49294, -30, 500, 0.00000, -0.00019
49295, -30, 500, 0.00000, 0.00304
49296, -30, 500, 0.00000, -0.00127
49297, -30, 500, 0.00000, -0.00019
49298, -30, 500, 0.00000, -0.00091
49299, -30, 500, 0.00000, -0.00127
49300, -30, 500, 0.00000, -0.00055
49301, -30, 500, 0.00000, -0.00091
49302, -30, 500, 0.00000, -0.00019
49303, -30, 500, 0.00000, -0.00019
49304, -30, 500, 0.00000, 0.00161
49305, -30, 500, 0.00000, -0.00055
49306, -30, 500, 0.00000, -0.00019
49307, -30, 500, 0.00000, -0.00019
49308, -30, 500, 0.00000, -0.00091
49309, -30, 500, 0.00000, -0.00055
49310, -30, 500, 0.00000, 0.00053
49311, -30, 500, 0.00000, 0.00089
49312, -30, 500, 0.00000, -0.00055
49313, -30, 500, 0.00000, -0.00055
49314, -30, 500, 0.00000, -0.00019
49315, -30, 500, 0.00000, -0.00091
49316, -30, 500, 0.00000, 0.00053
49317, -30, 500, 0.00000, -0.00019
49318, -30, 500, 0.00000, -0.00055
49319, -30, 500, 0.00000, 0.00161
49320, -30, 500, 0.00000, 0.00053
49321, -30, 500, 0.00000, -0.00307
49322, -30, 500, 0.00000, -0.00127
49323, -30, 500, 0.00000, -0.00055
49324, -30, 500, 0.00000, -0.00091
49325, -30, 500, 0.00000, -0.00127
49326, -30, 500, 0.00000, -0.00019
49327, -30, 500, 0.00000, 0.00017
49328, -30, 500, 0.00000, 0.00125
49329, -30, 500, 0.00000, -0.00055
49330, -30, 500, 0.00000, -0.00091
49331, -30, 500, 0.00000, 0.00233
49332, -30, 500, 0.00000, -0.00055
49333, -30, 500, 0.00000, 0.00089
49334, -30, 500, 0.00000, 0.00017
49335, -30, 500, 0.00000, 0.00125
49336, -30, 500, 0.00000, 0.00053
49337, -30, 500, 0.00000, 0.00017
49338, -30, 500, 0.00000, 0.00053
49339, -30, 500, 0.00000, -0.00163
49340, -30, 500, 0.00000, 0.00376
49341, -30, 500, 0.00000, -0.00127
49342, -30, 500, 0.00000, -0.00019
49343, -30, 500, 0.00000, 0.00017
49344, -30, 500, 0.00000, 0.00017
49345, -30, 500, 0.00000, -0.00055
49346, -30, 500, 0.00000, 0.00089
49347, -30, 500, 0.00000, -0.00091
49348, -30, 500, 0.00000, 0.00125
49349, -30, 500, 0.00000, 0.00017
49350, -30, 500, 0.00000, 0.00053
49351, -30, 500, 0.00000, -0.00091
49352, -30, 500, 0.00000, 0.00017
49353, -30, 500, 0.00000, 0.00017
49354, -30, 500, 0.00000, -0.00019
49355, -30, 500, 0.00000, 0.00161
49356, -30, 500, 0.00000, -0.00055
49357, -30, 500, 0.00000, 0.00017
49358, -30, 500, 0.00000, 0.00161
49359, -30, 500, 0.00000, -0.00019
49360, -30, 500, 0.00000, -0.00019
49361, -30, 500, 0.00000, -0.00019
49362, -30, 500, 0.00000, 0.00017
49363, -30, 500, 0.00000, 0.00017
49364, -30, 500, 0.00000, -0.00019
49365, -30, 500, 0.00000, 0.00017
49366, -30, 500, 0.00000, -0.00055
49367, -30, 500, 0.00000, -0.00055
49368, -30, 500, 0.00000, 0.00125
49369, -30, 500, 0.00000, 0.00017
49370, -30, 500, 0.00000, -0.00163
49371, -30, 500, 0.00000, -0.00019
49372, -30, 500, 0.00000, 0.00017
49373, -30, 500, 0.00000, 0.00053
49374, -30, 500, 0.00000, -0.00019
49375, -30, 500, 0.00000, 0.00484
49376, -30, 500, 0.00000, 0.00089
49377, -30, 500, 0.00000, -0.00019
49378, -30, 500, 0.00000, 0.00017
49379, -30, 500, 0.00000, -0.00019
49380, -30, 500, 0.00000, -0.00055
49381, -30, 500, 0.00000, -0.00019
49382, -30, 500, 0.00000, 0.00017
49383, -30, 500, 0.00000, -0.00019
49384, -30, 500, 0.00000, -0.00019
49385, -30, 500, 0.00000, -0.00055
49386, -30, 500, 0.00000, 0.00053
49387, -30, 500, 0.00000, 0.00089
49388, -30, 500, 0.00000, 0.00017
49389, -30, 500, 0.00000, -0.00019
49390, -30, 500, 0.00000, -0.00091
49391, -30, 500, 0.00000, -0.00738
49392, -30, 500, 0.00000, 0.00304
49393, -30, 500, 0.00000, -0.00019
49394, -30, 500, 0.00000, -0.00055
49395, -30, 500, 0.00000, -0.00091
49396, -30, 500, 0.00000, -0.00055
49397, -30, 500, 0.00000, 0.00017
49398, -30, 500, 0.00000, 0.00125
49399, -30, 500, 0.00000, -0.00055
49400, -30, 500, 0.00000, 0.00340
49401, -30, 500, 0.00000, -0.00019
49402, -30, 500, 0.00000, -0.00091
49403, -30, 500, 0.00000, 0.00592
49404, -30, 500, 0.00000, 0.00017
49405, -30, 500, 0.00000, 0.00017
49406, -30, 500, 0.00000, 0.00089
49407, -30, 500, 0.00000, 0.00017
49408, -30, 500, 0.00000, -0.00055
49409, -30, 500, 0.00000, 0.00053
49410, -30, 500, 0.00000, -0.00307
49411, -30, 500, 0.00000, 0.00017
49412, -30, 500, 0.00000, -0.00055
49413, -30, 500, 0.00000, 0.00017
49414, -30, 500, 0.00000, -0.00091
49415, -30, 500, 0.00000, -0.00019
49416, -30, 500, 0.00000, -0.00019
49417, -30, 500, 0.00000, -0.00019
49418, -30, 500, 0.00000, -0.00019
49419, -30, 500, 0.00000, -0.00019
49420, -30, 500, 0.00000, -0.00055
49421, -30, 500, 0.00000, -0.00019
49422, -30, 500, 0.00000, 0.00017
49423, -30, 500, 0.00000, 0.00053
49424, -30, 500, 0.00000, 0.00053
49425, -30, 500, 0.00000, 0.00053
49426, -30, 500, 0.00000, -0.00019
49427, -30, 500, 0.00000, 0.00017
49428, -30, 500, 0.00000, 0.00017
49429, -30, 500, 0.00000, -0.00055
49430, -30, 500, 0.00000, -0.00163
49431, -30, 500, 0.00000, -0.00091
49432, -30, 500, 0.00000, -0.00091
49433, -30, 500, 0.20000, -0.00199
49434, -30, 500, 0.20000, 0.00017
49435, -30, 500, 0.20000, 0.00556
49436, -30, 500, 0.20000, 0.01742
49437, -30, 500, 0.20000, 0.02425
49438, -30, 500, 0.20000, 0.04222
49439, -30, 500, 0.20000, 0.05732
49440, -30, 500, 0.20000, 0.07637
49441, -30, 500, 0.20000, 0.09686
49442, -30, 500, 0.20000, 0.11448
49443, -30, 500, 0.20000, 0.13137
49444, -30, 500, 0.20000, 0.14970
49445, -30, 500, 0.20000, 0.16696
49446, -30, 500, 0.20000, 0.18025
49447, -30, 500, 0.20000, 0.19463
49448, -30, 500, 0.20000, 0.20470
49449, -30, 500, 0.20000, 0.21440
49450, -30, 500, 0.20000, 0.21979
49451, -30, 500, 0.20000, 0.22591
49452, -30, 500, 0.20000, 0.23202
49453, -30, 500, 0.20000, 0.23094
49454, -30, 500, 0.20000, 0.23202
49455, -30, 500, 0.20000, 0.23166
49456, -30, 500, 0.20000, 0.23166
49457, -30, 500, 0.20000, 0.23130
49458, -30, 500, 0.20000, 0.22878
49459, -30, 500, 0.20000, 0.22662
49460, -30, 500, 0.20000, 0.22015
49461, -30, 500, 0.20000, 0.21872
49462, -30, 500, 0.20000, 0.21368
49463, -30, 500, 0.20000, 0.21189
49464, -30, 500, 0.20000, 0.20362
49465, -30, 500, 0.20000, 0.21332
49466, -30, 500, 0.20000, 0.20326
49467, -30, 500, 0.20000, 0.20038
49468, -30, 500, 0.20000, 0.19859
49469, -30, 500, 0.20000, 0.19751
49470, -30, 500, 0.20000, 0.19499
49471, -30, 500, 0.20000, 0.19427
49472, -30, 500, 0.20000, 0.19499
49473, -30, 500, 0.20000, 0.19212
49474, -30, 500, 0.20000, 0.19463
49475, -30, 500, 0.20000, 0.19427
49476, -30, 500, 0.20000, 0.19463
49477, -30, 500, 0.20000, 0.19248
49478, -30, 500, 0.20000, 0.19967
49479, -30, 500, 0.20000, 0.19643
49480, -30, 500, 0.20000, 0.19643
49481, -30, 500, 0.20000, 0.19607
49482, -30, 500, 0.20000, 0.19895
49483, -30, 500, 0.20000, 0.19859
49484, -30, 500, 0.20000, 0.20002
49485, -30, 500, 0.20000, 0.19967
49486, -30, 500, 0.20000, 0.20182
49487, -30, 500, 0.20000, 0.20218
49488, -30, 500, 0.20000, 0.19823
49489, -30, 500, 0.20000, 0.20038
49490, -30, 500, 0.20000, 0.19931
49491, -30, 500, 0.20000, 0.20182
49492, -30, 500, 0.20000, 0.20110
49493, -30, 500, 0.20000, 0.20146
49494, -30, 500, 0.20000, 0.20074
49495, -30, 500, 0.20000, 0.20182
49496, -30, 500, 0.20000, 0.20110
49497, -30, 500, 0.20000, 0.20182
49498, -30, 500, 0.20000, 0.20146
49499, -30, 500, 0.20000, 0.20146
49500, -30, 500, 0.20000, 0.20110
49501, -30, 500, 0.20000, 0.20038
49502, -30, 500, 0.20000, 0.19967
49503, -30, 500, 0.20000, 0.19859
49504, -30, 500, 0.20000, 0.19931
49505, -30, 500, 0.20000, 0.19967
49506, -30, 500, 0.20000, 0.20002
49507, -30, 500, 0.20000, 0.20038
49508, -30, 500, 0.20000, 0.19931
49509, -30, 500, 0.20000, 0.19823
49510, -30, 500, 0.20000, 