3, -28, 500, 0.00000, 0.00017
733, 0.498191, -28, 500, 0.00000, 0.00125
734, 0.501986, -28, 500, 0.00000, -0.00055
735, 0.506138, -28, 500, 0.00000, 0.00089
736, 0.509923, -28, 500, 0.00000, -0.00019
737, 0.514215, -28, 500, 0.00000, 0.00053
738, 0.518221, -28, 500, 0.00000, -0.00019
739, 0.522406, -28, 500, 0.00000, -0.00019
740, 0.526786, -28, 500, 0.00000, 0.00053
741, 0.530487, -28, 500, 0.00000, -0.00019
742, 0.534795, -28, 500, 0.00000, -0.00055
743, 0.538932, -28, 500, 0.00000, -0.00055
744, 0.543137, -28, 500, 0.00000, 0.00089
745, 0.546909, -28, 500, 0.00000, -0.00019
746, 0.551229, -28, 500, 0.00000, -0.00055
747, 0.555367, -28, 500, 0.00000, -0.00558
748, 0.559487, -28, 500, 0.00000, 0.00017
749, 0.563916, -28, 500, 0.00000, -0.00019
750, 0.567752, -28, 500, 0.00000, -0.00127
751, 0.571933, -28, 500, 0.00000, -0.00055
752, 0.576190, -28, 500, 0.00000, 0.00017
753, 0.580274, -28, 500, 0.00000, -0.00271
754, 0.584190, -28, 500, 0.00000, -0.00055
755, 0.588263, -28, 500, 0.00000, -0.00163
756, 0.592137, -28, 500, 0.00000, 0.00017
757, 0.595864, -28, 500, 0.00000, 0.00017
758, 0.599891, -28, 500, 0.00000, -0.00055
759, 0.603963, -28, 500, 0.00000, -0.00019
760, 0.607952, -28, 500, 0.00000, -0.00019
761, 0.612236, -28, 500, 0.00000, -0.00091
762, 0.616293, -28, 500, 0.00000, -0.00019
763, 0.620443, -28, 500, 0.00000, 0.00304
764, 0.624259, -28, 500, 0.00000, -0.00019
765, 0.628153, -28, 500, 0.00000, 0.00304
766, 0.632159, -28, 500, 0.00000, -0.00019
767, 0.636144, -28, 500, 0.00000, -0.00091
768, 0.640254, -28, 500, 0.00000, -0.00414
769, 0.644364, -28, 500, 0.00000, -0.00019
770, 0.648495, -28, 500, 0.00000, -0.00019
771, 0.652386, -28, 500, 0.00000, 0.00053
772, 0.656285, -28, 500, 0.00000, 0.00448
773, 0.660268, -28, 500, 0.00000, -0.00019
774, 0.664391, -28, 500, 0.00000, 0.00017
775, 0.667878, -28, 500, 0.00000, -0.00127
776, 0.671917, -28, 500, 0.00000, -0.00055
777, 0.676137, -28, 500, 0.00000, 0.00053
778, 0.680127, -28, 500, 0.00000, 0.00161
779, 0.683813, -28, 500, 0.00000, -0.00199
780, 0.687686, -28, 500, 0.00000, -0.00019
781, 0.691378, -28, 500, 0.00000, 0.00053
782, 0.695370, -28, 500, 0.00000, 0.00017
783, 0.699268, -28, 500, 0.00000, -0.00091
784, 0.703299, -28, 500, 0.00000, 0.00412
785, 0.707430, -28, 500, 0.00000, 0.00017
786, 0.711867, -28, 500, 0.00000, 0.00053
787, 0.715845, -28, 500, 0.00000, -0.00055
788, 0.719715, -28, 500, 0.00000, 0.00484
789, 0.723626, -28, 500, 0.00000, 0.00017
790, 0.727711, -28, 500, 0.00000, 0.00017
791, 0.731387, -28, 500, 0.00000, 0.00125
792, 0.735133, -28, 500, 0.00000, -0.00127
793, 0.738897, -28, 500, 0.00000, 0.00017
794, 0.742664, -28, 500, 0.00000, -0.00055
795, 0.746713, -28, 500, 0.00000, -0.00019
796, 0.750254, -28, 500, 0.00000, -0.00019
797, 0.754441, -28, 500, 0.00000, -0.00055
798, 0.758663, -28, 500, 0.00000, -0.00055
799, 0.762486, -28, 500, 0.00000, -0.00019
800, 0.766641, -28, 500, 0.00000, 0.00017
801, 0.770745, -28, 500, 0.00000, 0.00161
802, 0.774481, -28, 500, 0.00000, -0.00055
803, 0.778640, -28, 500, 0.00000, 0.00017
804, 0.782648, -28, 500, 0.00000, -0.00019
805, 0.786474, -28, 500, 0.00000, -0.00127
806, 0.790430, -28, 500, 0.00000, 0.00053
807, 0.794434, -28, 500, 0.00000, -0.00019
808, 0.798637, -28, 500, 0.00000, -0.00091
809, 0.802652, -28, 500, 0.00000, 0.00269
810, 0.806349, -28, 500, 0.00000, -0.00019
811, 0.810190, -28, 500, 0.00000, -0.00019
812, 0.814192, -28, 500, 0.00000, 0.00053
813, 0.818129, -28, 500, 0.00000, -0.00199
814, 0.821913, -28, 500, 0.00000, -0.00019
815, 0.825919, -28, 500, 0.00000, 0.00053
816, 0.829861, -28, 500, 0.00000, 0.00017
817, 0.833730, -28, 500, 0.00000, 0.00053
818, 0.837956, -28, 500, 0.00000, 0.00053
819, 0.841880, -28, 500, 0.00000, -0.00271
820, 0.845965, -28, 500, 0.00000, 0.00017
821, 0.849819, -28, 500, 0.00000, 0.00017
822, 0.853700, -28, 500, 0.00000, -0.00055
823, 0.857703, -28, 500, 0.00000, 0.00017
824, 0.861866, -28, 500, 0.00000, -0.00019
825, 0.865802, -28, 500, 0.00000, 0.00233
826, 0.869738, -28, 500, 0.00000, -0.00414
827, 0.873927, -28, 500, 0.00000, 0.00233
828, 0.878138, -28, 500, 0.00000, -0.00055
829, 0.881953, -28, 500, 0.00000, 0.00017
830, 0.886127, -28, 500, 0.00000, -0.00235
831, 0.890151, -28, 500, 0.00000, 0.00017
832, 0.893996, -28, 500, 0.00000, -0.00019
833, 0.897866, -28, 500, 0.00000, 0.00412
834, 0.901683, -28, 500, 0.00000, -0.00199
835, 0.905425, -28, 500, 0.00000, -0.00055
836, 0.909486, -28, 500, 0.00000, 0.00017
837, 0.913254, -28, 500, 0.00000, -0.00019
838, 0.917261, -28, 500, 0.00000, -0.00019
839, 0.921348, -28, 500, 0.00000, -0.00163
840, 0.925425, -28, 500, 0.00000, 0.00125
841, 0.929361, -28, 500, 0.00000, -0.00091
842, 0.933351, -28, 500, 0.00000, 0.00125
843, 0.937443, -28, 500, 0.00000, -0.00019
844, 0.941216, -28, 500, 0.00000, -0.00019
845, 0.945452, -28, 500, 0.00000, 0.00053
846, 0.949381, -28, 500, 0.00000, -0.00414
847, 0.954346, -28, 500, 0.00000, -0.00055
848, 0.960313, -28, 500, 0.00000, 0.00556
849, 0.964279, -28, 500, 0.00000, -0.00271
850, 0.968746, -28, 500, 0.00000, -0.00702
851, 0.972497, -28, 500, 0.00000, 0.00017
852, 0.977461, -28, 500, 0.00000, -0.00163
853, 0.981808, -28, 500, 0.00000, 0.00053
854, 0.986153, -28, 500, 0.00000, -0.00127
855, 0.990697, -28, 500, 0.00000, 0.00161
856, 0.994650, -28, 500, 0.00000, 0.00161
857, 0.998344, -28, 500, 0.00000, -0.00019
858, 1.002209, -28, 500, 0.20000, -0.00091
859, 1.005977, -28, 500, 0.20000, -0.00055
860, 1.010456, -28, 500, 0.20000, 0.00916
861, 1.014426, -28, 500, 0.20000, 0.02425
862, 1.018229, -28, 500, 0.20000, 0.04222
863, 1.021987, -28, 500, 0.20000, 0.05912
864, 1.026172, -28, 500, 0.20000, 0.08464
865, 1.029976, -28, 500, 0.20000, 0.10405
866, 1.033928, -28, 500, 0.20000, 0.12526
867, 1.038128, -28, 500, 0.20000, 0.14862
868, 1.042121, -28, 500, 0.20000, 0.16336
869, 1.045973, -28, 500, 0.20000, 0.18025
870, 1.049885, -28, 500, 0.20000, 0.19607
871, 1.053765, -28, 500, 0.20000, 0.20685
872, 1.057868, -28, 500, 0.20000, 0.21584
873, 1.061758, -28, 500, 0.20000, 0.22231
874, 1.065774, -28, 500, 0.20000, 0.22986
875, 1.069831, -28, 500, 0.20000, 0.22698
876, 1.073815, -28, 500, 0.20000, 0.22698
877, 1.077713, -28, 500, 0.20000, 0.22950
878, 1.081807, -28, 500, 0.20000, 0.22878
879, 1.085866, -28, 500, 0.20000, 0.22591
880, 1.089861, -28, 500, 0.20000, 0.22159
881, 1.093930, -28, 500, 0.20000, 0.21836
882, 1.098423, -28, 500, 0.20000, 0.21404
883, 1.102139, -28, 500, 0.20000, 0.21153
884, 1.105637, -28, 500, 0.20000, 0.21009
885, 1.109753, -28, 500, 0.20000, 0.20614
886, 1.114121, -28, 500, 0.20000, 0.20398
887, 1.117864, -28, 500, 0.20000, 0.19895
888, 1.121674, -28, 500, 0.20000, 0.19823
889, 1.126379, -28, 500, 0.20000, 0.19320
890, 1.130630, -28, 500, 0.20000, 0.19535
891, 1.134483, -28, 500, 0.20000, 0.19571
892, 1.138405, -28, 500, 0.20000, 0.19535
893, 1.142684, -28, 500, 0.20000, 0.19607
894, 1.146889, -28, 500, 0.20000, 0.19427
895, 1.150947, -28, 500, 0.20000, 0.20146
896, 1.154803, -28, 500, 0.20000, 0.19571
897, 1.159293, -28, 500, 0.20000, 0.19499
898, 1.163216, -28, 500, 0.20000, 0.19643
899, 1.167496, -28, 500, 0.20000, 0.19607
900, 1.172130, -28, 500, 0.20000, 0.19751
901, 1.176129, -28, 500, 0.20000, 0.19715
902, 1.180940, -28, 500, 0.20000, 0.19931
903, 1.186891, -28, 500, 0.20000, 0.20110
904, 1.192215, -28, 500, 0.20000, 0.20074
905, 1.197683, -28, 500, 0.20000, 0.20002
906, 1.202990, -28, 500, 0.20000, 0.20002
907, 1.207944, -28, 500, 0.20000, 0.20110
908, 1.212671, -28, 500, 0.20000, 0.20074
909, 1.217720, -28, 500, 0.20000, 0.20362
910, 1.221488, -28, 500, 0.20000, 0.20038
911, 1.225417, -28, 500, 0.20000, 0.20218
912, 1.229158, -28, 500, 0.20000, 0.20290
913, 1.233155, -28, 500, 0.20000, 0.20110
914, 1.236737, -28, 500, 0.20000, 0.20002
915, 1.240685, -28, 500, 0.20000, 0.20074
916, 1.245362, -28, 500, 0.20000, 0.19967
917, 1.251252, -28, 500, 0.20000, 0.20002
918, 1.256647, -28, 500, 0.20000, 0.20254
919, 1.260753, -28, 500, 0.20000, 0.20002
920, 1.265733, -28, 500, 0.20000, 0.19967
921, 1.269685, -28, 500, 0.20000, 0.20038
922, 1.273462, -28, 500, 0.20000, 0.18996
923, 1.278679, -28, 500, 0.20000, 0.20038
924, 1.283884, -28, 500, 0.20000, 0.19967
925, 1.289302, -28, 500, 0.20000, 0.19859
926, 1.294622, -28, 500, 0.20000, 0.19931
927, 1.299737, -28, 500, 0.20000, 0.20038
928, 1.304672, -28, 500, 0.20000, 0.19967
929, 1.309298, -28, 500, 0.20000, 0.19895
930, 1.314716, -28, 500, 0.20000, 0.19895
931, 1.319881, -28, 500, 0.20000, 0.19931
932, 1.323937, -28, 500, 0.20000, 0.20002
933, 1.327931, -28, 500, 0.20000, 0.19967
934, 1.331947, -28, 500, 0.20000, 0.20218
935, 1.335934, -28, 500, 0.20000, 0.20110
936, 1.340132, -28, 500, 0.20000, 0.19967
937, 1.343884, -28, 500, 0.20000, 0.20002
938, 1.347753, -28, 500, 0.20000, 0.20038
939, 1.351799, -28, 500, 0.20000, 0.19895
940, 1.355976, -28, 500, 0.20000, 0.20182
941, 1.360127, -28, 500, 0.20000, 0.19823
942, 1.365476, -28, 500, 0.20000, 0.19895
943, 1.370200, -28, 500, 0.20000, 0.19895
944, 1.375206, -28, 500, 0.20000, 0.20074
945, 1.380861, -28, 500, 0.20000, 0.20002
946, 1.385935, -28, 500, 0.20000, 0.19931
947, 1.390121, -28, 500, 0.20000, 0.19931
948, 1.395628, -28, 500, 0.20000, 0.20002
949, 1.400967, -28, 500, 0.20000, 0.19895
950, 1.406837, -28, 500, 0.20000, 0.19967
951, 1.411216, -28, 500, 0.20000, 0.19967
952, 1.415986, -28, 500, 0.20000, 0.19931
953, 1.422144, -28, 500, 0.20000, 0.19931
954, 1.427454, -28, 500, 0.20000, 0.19895
955, 1.432247, -28, 500, 0.20000, 0.19931
956, 1.435706, -28, 500, 0.20000, 0.20002
957, 1.439630, -28, 500, 0.20000, 0.20218
958, 1.443360, -28, 500, 0.20000, 0.20002
959, 1.447381, -28, 500, 0.20000, 0.20002
960, 1.451362, -28, 500, 0.20000, 0.20002
961, 1.455489, -28, 500, 0.20000, 0.19895
962, 1.459754, -28, 500, 0.20000, 0.19535
963, 1.464362, -28, 500, 0.20000, 0.20038
964, 1.469127, -28, 500, 0.20000, 0.19967
965, 1.474345, -28, 500, 0.20000, 0.20290
966, 1.479448, -28, 500, 0.20000, 0.20002
967, 1.483429, -28, 500, 0.20000, 0.19895
968, 1.487880, -28, 500, 0.20000, 0.19859
969, 1.492253, -28, 500, 0.20000, 0.19931
970, 1.497729, -28, 500, 0.20000, 0.19967
971, 1.502459, -28, 500, 0.20000, 0.19967
972, 1.507706, -28, 500, 0.20000, 0.20218
973, 1.511736, -28, 500, 0.20000, 0.20110
974, 1.516680, -28, 500, 0.20000, 0.20110
975, 1.521215, -28, 500, 0.20000, 0.19427
976, 1.526221, -28, 500, 0.20000, 0.20038
977, 1.531679, -28, 500, 0.20000, 0.19967
978, 1.537311, -28, 500, 0.20000, 0.19212
979, 1.542733, -28, 500, 0.20000, 0.19931
980, 1.548132, -28, 500, 0.20000, 0.20002
981, 1.553843, -28, 500, 0.20000, 0.20650
982, 1.558718, -28, 500, 0.20000, 0.20002
983, 1.562986, -28, 500, 0.20000, 0.20002
984, 1.567833, -28, 500, 0.20000, 0.20146
985, 1.571707, -28, 500, 0.20000, 0.20002
986, 1.575222, -28, 500, 0.20000, 0.20038
987, 1.579677, -28, 500, 0.20000, 0.20038
988, 1.584952, -28, 500, 0.20000, 0.19931
989, 1.590153, -28, 500, 0.20000, 0.19859
990, 1.595883, -28, 500, 0.20000, 0.20002
991, 1.601362, -28, 500, 0.20000, 0.19931
992, 1.605660, -28, 500, 0.20000, 0.20326
993, 1.609826, -28, 500, 0.20000, 0.20038
994, 1.614660, -28, 500, 0.20000, 0.20074
995, 1.618255, -28, 500, 0.20000, 0.20002
996, 1.621980, -28, 500, 0.20000, 0.20074
997, 1.626190, -28, 500, 0.20000, 0.20038
998, 1.629983, -28, 500, 0.20000, 0.20038
999, 1.634491, -28, 500, 0.20000, 0.19967
1000, 1.638709, -28, 500, 0.20000, 0.19895
1001, 1.643366, -28, 500, 0.20000, 0.19967
1002, 1.648751, -28, 500, 0.20000, 0.20038
1003, 1.654371, -28, 500, 0.20000, 0.20254
1004, 1.659221, -28, 500, 0.20000, 0.20002
1005, 1.663703, -28, 500, 0.20000, 0.19967
1006, 1.669338, -28, 500, 0.20000, 0.19967
1007, 1.674825, -28, 500, 0.20000, 0.19571
1008, 1.678897, -28, 500, 0.20000, 0.20002
1009, 1.683237, -28, 500, 0.20000, 0.20002
1010, 1.688366, -28, 500, 0.20000, 0.20002
1011, 1.693248, -28, 500, 0.20000, 0.19787
1012, 1.698826, -28, 500, 0.20000, 0.20002
1013, 1.703634, -28, 500, 0.20000, 0.19248
1014, 1.707627, -28, 500, 0.20000, 0.19967
1015, 1.711648, -28, 500, 0.20000, 0.20074
1016, 1.715362, -28, 500, 0.20000, 0.20038
1017, 1.719338, -28, 500, 0.20000, 0.20290
1018, 1.723256, -28, 500, 0.20000, 0.20146
1019, 1.727222, -28, 500, 0.20000, 0.20002
1020, 1.732189, -28, 500, 0.20000, 0.20038
1021, 1.736888, -28, 500, 0.20000, 0.19967
1022, 1.741988, -28, 500, 0.20000, 0.19967
1023, 1.747991, -28, 500, 0.20000, 0.20182
1024, 1.753433, -28, 500, 0.20000, 0.20290
1025, 1.758140, -28, 500, 0.20000, 0.20074
1026, 1.762822, -28, 500, 0.20000, 0.19967
1027, 1.768270, -28, 500, 0.20000, 0.20002
1028, 1.773897, -28, 500, 0.20000, 0.20002
1029, 1.779155, -28, 500, 0.20000, 0.20182
1030, 1.784362, -28, 500, 0.20000, 0.19967
1031, 1.789190, -28, 500, 0.20000, 0.20038
1032, 1.793253, -28, 500, 0.20000, 0.19967
1033, 1.798490, -28, 500, 0.20000, 0.19931
1034, 1.803458, -28, 500, 0.20000, 0.19931
1035, 1.807681, -28, 500, 0.20000, 0.19967
1036, 1.813496, -28, 500, 0.20000, 0.19931
1037, 1.818795, -28, 500, 0.20000, 0.20002
1038, 1.822632, -28, 500, 0.20000, 0.19931
1039, 1.827496, -28, 500, 0.20000, 0.19931
1040, 1.832627, -28, 500, 0.20000, 0.19823
1041, 1.836686, -28, 500, 0.20000, 0.19751
1042, 1.840916, -28, 500, 0.20000, 0.19931
1043, 1.844805, -28, 500, 0.20000, 0.19967
1044, 1.848683, -28, 500, 0.20000, 0.20038
1045, 1.852876, -28, 500, 0.20000, 0.19967
1046, 1.856865, -28, 500, 0.20000, 0.20002
1047, 1.861871, -28, 500, 0.20000, 0.20038
1048, 1.867388, -28, 500, 0.20000, 0.19931
1049, 1.872686, -28, 500, 0.20000, 0.20002
1050, 1.878430, -28, 500, 0.20000, 0.20362
1051, 1.883730, -28, 500, 0.20000, 0.20038
1052, 1.888762, -28, 500, 0.20000, 0.19068
1053, 1.894430, -28, 500, 0.20000, 0.20290
1054, 1.900218, -28, 500, 0.20000, 0.20002
1055, 1.905652, -28, 500, 0.20000, 0.19895
1056, 1.910216, -28, 500, 0.20000, 0.19931
1057, 1.914949, -28, 500, 0.20000, 0.19967
1058, 1.919857, -28, 500, 0.20000, 0.20002
1059, 1.924881, -28, 500, 0.20000, 0.19931
1060, 1.930478, -28, 500, 0.20000, 0.20002
1061, 1.935380, -28, 500, 0.20000, 0.19967
1062, 1.939314, -28, 500, 0.20000, 0.20002
1063, 1.943934, -28, 500, 0.20000, 0.20434
1064, 1.948701, -28, 500, 0.20000, 0.19859
1065, 1.953844, -28, 500, 0.20000, 0.19895
1066, 1.958857, -28, 500, 0.20000, 0.19931
1067, 1.964694, -28, 500, 0.20000, 0.20038
1068, 1.970821, -28, 500, 0.20000, 0.19967
1069, 1.975651, -28, 500, 0.20000, 0.19931
1070, 1.979493, -28, 500, 0.20000, 0.20074
1071, 1.983703, -28, 500, 0.20000, 0.20002
1072, 1.987815, -28, 500, 0.20000, 0.20002
1073, 1.991926, -28, 500, 0.20000, 0.20326
1074, 1.995678, -28, 500, 0.20000, 0.19967
1075, 1.999631, -28, 500, 0.20000, 0.19967
1076, 2.003848, -28, 500, 0.00000, 0.20038
1077, 2.008172, -28, 500, 0.00000, 0.19967
1078, 2.012146, -28, 500, 0.00000, 0.19140
1079, 2.017650, -28, 500, 0.00000, 0.17163
1080, 2.023237, -28, 500, 0.00000, 0.13604
1081, 2.028736, -28, 500, 0.00000, 0.11124
1082, 2.034214, -28, 500, 0.00000, 0.08680
1083, 2.039330, -28, 500, 0.00000, 0.05301
1084, 2.044262, -28, 500, 0.00000, 0.03000
1085, 2.050199, -28, 500, 0.00000, 0.00700
1086, 2.056196, -28, 500, 0.00000, -0.00990
1087, 2.061137, -28, 500, 0.00000, -0.01780
1088, 2.066366, -28, 500, 0.00000, -0.02607
1089, 2.071636, -28, 500, 0.00000, -0.02931
1090, 2.076950, -28, 500, 0.00000, -0.02967
1091, 2.082712, -28, 500, 0.00000, -0.02751
1092, 2.088304, -28, 500, 0.00000, -0.02787
1093, 2.093961, -28, 500, 0.00000, -0.01133
1094, 2.099777, -28, 500, 0.00000, -0.01385
1095, 2.105753, -28, 500, 0.00000, -0.00990
1096, 2.110634, -28, 500, 0.00000, -0.00630
1097, 2.116628, -28, 500, 0.00000, -0.00199
1098, 2.121862, -28, 500, 0.00000, -0.00019
1099, 2.126196, -28, 500, 0.00000, 0.00161
1100, 2.130236, -28, 500, 0.00000, 0.00269
1101, 2.135494, -28, 500, 0.00000, 0.00340
1102, 2.140796, -28, 500, 0.00000, 0.00340
1103, 2.146356, -28, 500, 0.00000, 0.00376
1104, 2.151679, -28, 500, 0.00000, 0.00376
1105, 2.155472, -28, 500, 0.00000, 0.00161
1106, 2.159674, -28, 500, 0.00000, 0.00161
1107, 2.165377, -28, 500, 0.00000, 0.00269
1108, 2.169449, -28, 500, 0.00000, 0.00161
1109, 2.173945, -28, 500, 0.00000, -0.00055
1110, 2.178222, -28, 500, 0.00000, 0.00125
1111, 2.181986, -28, 500, 0.00000, 0.00053
1112, 2.185783, -28, 500, 0.00000, -0.00019
1113, 2.189679, -28, 500, 0.00000, -0.00163
1114, 2.193881, -28, 500, 0.00000, 0.00089
1115, 2.198133, -28, 500, 0.00000, -0.00343
1116, 2.201998, -28, 500, 0.00000, -0.00055
1117, 2.206880, -28, 500, 0.00000, 0.00233
1118, 2.211377, -28, 500, 0.00000, -0.00019
1119, 2.216909, -28, 500, 0.00000, 0.00017
1120, 2.222252, -28, 500, 0.00000, 0.00233
1121, 2.226498, -28, 500, 0.00000, -0.00055
1122, 2.230739, -28, 500, 0.00000, -0.00235
1123, 2.234643, -28, 500, 0.00000, -0.00091
1124, 2.238461, -28, 500, 0.00000, -0.00091
1125, 2.242418, -28, 500, 0.00000, -0.00055
1126, 2.247368, -28, 500, 0.00000, -0.00055
1127, 2.253236, -28, 500, 0.00000, -0.00271
1128, 2.258317, -28, 500, 0.00000, -0.00630
1129, 2.262988, -28, 500, 0.00000, 0.00089
1130, 2.268164, -28, 500, 0.00000, 0.00089
1131, 2.272653, -28, 500, 0.00000, -0.00379
1132, 2.276972, -28, 500, 0.00000, 0.00053
1133, 2.281157, -28, 500, 0.00000, 0.00197
1134, 2.286465, -28, 500, 0.00000, -0.00091
1135, 2.291996, -28, 500, 0.00000, -0.00019
1136, 2.298155, -28, 500, 0.00000, -0.01097
1137, 2.304738, -28, 500, 0.00000, 0.00017
1138, 2.309248, -28, 500, 0.00000, -0.00055
1139, 2.314442, -28, 500, 0.00000, -0.00019
1140, 2.319787, -28, 500, 0.00000, -0.00091
1141, 2.325244, -28, 500, 0.00000, -0.00091
1142, 2.331369, -28, 500, 0.00000, -0.00127
1143, 2.337807, -28, 500, 0.00000, 0.00700
1144, 2.342286, -28, 500, 0.00000, -0.00163
1145, 2.347146, -28, 500, 0.00000, -0.00019
1146, 2.352881, -28, 500, 0.00000, 0.00017
1147, 2.358220, -28, 500, 0.00000, -0.00163
1148, 2.363697, -28, 500, 0.00000, -0.00019
1149, 2.368821, -28, 500, 0.00000, -0.00127
1150, 2.373392, -28, 500, 0.00000, 0.00053
1151, 2.378166, -28, 500, 0.00000, -0.00019
1152, 2.383316, -28, 500, 0.00000, 0.00089
1153, 2.388734, -28, 500, 0.00000, 0.00017
1154, 2.393707, -28, 500, 0.00000, -0.00019
1155, 2.397644, -28, 500, 0.00000, 0.00017
1156, 2.402486, -28, 500, 0.00000, -0.00522
1157, 2.407385, -28, 500, 0.00000, -0.00414
1158, 2.412191, -28, 500, 0.00000, -0.00019
1159, 2.417236, -28, 500, 0.00000, -0.00235
1160, 2.422735, -28, 500, 0.00000, 0.00053
1161, 2.427688, -28, 500, 0.00000, 0.00053
1162, 2.432687, -28, 500, 0.00000, 0.00053
1163, 2.436713, -28, 500, 0.00000, -0.00091
1164, 2.440396, -28, 500, 0.00000, -0.00055
1165, 2.445473, -28, 500, 0.00000, 0.00017
1166, 2.449948, -28, 500, 0.00000, 0.00628
1167, 2.453864, -28, 500, 0.00000, 0.00053
1168, 2.458329, -28, 500, 0.00000, 0.00017
1169, 2.463626, -28, 500, 0.00000, -0.00055
1170, 2.469698, -28, 500, 0.00000, -0.00055
1171, 2.475171, -28, 500, 0.00000, 0.00017
1172, 2.480424, -28, 500, 0.00000, -0.00019
1173, 2.484705, -28, 500, 0.00000, -0.00019
1174, 2.488887, -28, 500, 0.00000, 0.00017
1175, 2.492946, -28, 500, 0.00000, 0.00017
1176, 2.496959, -28, 500, 0.00000, 0.00197
1177, 2.500753, -28, 500, 0.00000, -0.00019
1178, 2.505236, -28, 500, 0.00000, -0.00199
1179, 2.510145, -28, 500, 0.00000, -0.00091
1180, 2.515879, -28, 500, 0.00000, -0.00019
1181, 2.520679, -28, 500, 0.00000, -0.00055
1182, 2.524805, -28, 500, 0.00000, 0.00089
1183, 2.529311, -28, 500, 0.00000, 0.00017
1184, 2.534959, -28, 500, 0.00000, 0.00053
1185, 2.540453, -28, 500, 0.00000, 0.00017
1186, 2.545712, -28, 500, 0.00000, 0.00053
1187, 2.551377, -28, 500, 0.00000, -0.00810
1188, 2.557228, -28, 500, 0.00000, -0.00127
1189, 2.561472, -28, 500, 0.00000, -0.00558
1190, 2.565706, -28, 500, 0.00000, 0.00017
1191, 2.570397, -28, 500, 0.00000, -0.00055
1192, 2.574991, -28, 500, 0.00000, 0.00089
1193, 2.579962, -28, 500, 0.00000, 0.00017
1194, 2.585401, -28, 500, 0.00000, -0.00019
1195, 2.590738, -28, 500, 0.00000, 0.00053
1196, 2.596279, -28, 500, 0.00000, -0.00055
1197, 2.601988, -28, 500, 0.00000, -0.00055
1198, 2.606688, -28, 500, 0.00000, 0.00089
1199, 2.611283, -28, 500, 0.00000, 0.00376
1200, 2.616696, -28, 500, 0.00000, -0.00055
1201, 2.622148, -28, 500, 0.00000, 0.00017
1202, 2.626708, -28, 500, 0.00000, 0.00089
1203, 2.631905, -28, 500, 0.00000, 0.00053
1204, 2.637780, -28, 500, 0.00000, -0.00019
1205, 2.643688, -28, 500, 0.00000, -0.00091
1206, 2.649877, -28, 500, 0.00000, -0.00091
1207, 2.655229, -28, 500, 0.00000, -0.00199
1208, 2.659442, -28, 500, 0.00000, 0.00053
1209, 2.665489, -28, 500, 0.00000, -0.00055
1210, 2.670284, -28, 500, 0.00000, -0.01637
1211, 2.674842, -28, 500, 0.00000, -0.00055
1212, 2.679431, -28, 500, 0.00000, -0.00055
1213, 2.685171, -28, 500, 0.00000, 0.00161
1214, 2.690470, -28, 500, 0.00000, -0.00091
1215, 2.694990, -28, 500, 0.00000, 0.00053
1216, 2.700350, -28, 500, 0.00000, 0.00053
1217, 2.704206, -28, 500, 0.00000, -0.00055
1218, 2.709487, -28, 500, 0.00000, -0.00055
1219, 2.714728, -28, 500, 0.00000, 0.00161
1220, 2.719910, -28, 500, 0.00000, -0.00055
1221, 2.725442, -28, 500, 0.00000, 0.00053
1222, 2.731967, -28, 500, 0.00000, -0.00055
1223, 2.737833, -28, 500, 0.00000, -0.00199
1224, 2.743886, -28, 500, 0.00000, -0.00091
1225, 2.749995, -28, 500, 0.00000, -0.00019
1226, 2.754784, -28, 500, 0.00000, -0.00091
1227, 2.759191, -28, 500, 0.00000, -0.00019
1228, 2.765145, -28, 500, 0.00000, -0.00019
1229, 2.769812, -28, 500, 0.00000, -0.00199
1230, 2.773805, -28, 500, 0.00000, 0.00053
1231, 2.777444, -28, 500, 0.00000, -0.00199
1232, 2.781721, -28, 500, 0.00000, -0.00271
1233, 2.786878, -28, 500, 0.00000, -0.00091
1234, 2.791410, -28, 500, 0.00000, 0.00161
1235, 2.797624, -28, 500, 0.00000, 0.00017
1236, 2.802980, -28, 500, 0.00000, -0.00127
1237, 2.807143, -28, 500, 0.00000, 0.00017
1238, 2.811805, -28, 500, 0.00000, 0.00053
1239, 2.817304, -28, 500, 0.00000, -0.00091
1240, 2.820890, -28, 500, 0.00000, -0.00235
1241, 2.824929, -28, 500, 0.00000, -0.00486
1242, 2.829171, -28, 500, 0.00000, 0.00340
1243, 2.834128, -28, 500, 0.00000, 0.00089
1244, 2.838906, -28, 500, 0.00000, 0.00053
1245, 2.843622, -28, 500, 0.00000, 0.00053
1246, 2.847728, -28, 500, 0.00000, 0.00017
1247, 2.852142, -28, 500, 0.00000, -0.00019
1248, 2.856257, -28, 500, 0.00000, -0.00127
1249, 2.860171, -28, 500, 0.00000, 0.00089
1250, 2.863944, -28, 500, 0.00000, 0.00017
1251, 2.867925, -28, 500, 0.00000, 0.00017
1252, 2.872319, -28, 500, 0.00000, -0.00307
1253, 2.877215, -28, 500, 0.00000, 0.00053
1254, 2.881361, -28, 500, 0.00000, 0.00053
1255, 2.885628, -28, 500, 0.00000, -0.00163
1256, 2.889877, -28, 500, 0.00000, 0.00017
1257, 2.894383, -28, 500, 0.00000, -0.00235
1258, 2.898719, -28, 500, 0.00000, -0.00019
1259, 2.903129, -28, 500, 0.00000, 0.00053
1260, 2.907701, -28, 500, 0.00000, -0.00450
1261, 2.912133, -28, 500, 0.00000, -0.00199
1262, 2.917387, -28, 500, 0.00000, 0.00053
1263, 2.921434, -28, 500, 0.00000, 0.00053
1264, 2.926190, -28, 500, 0.00000, 0.00017
1265, 2.930637, -28, 500, 0.00000, 0.00484
1266, 2.934691, -28, 500, 0.00000, 0.00053
1267, 2.938811, -28, 500, 0.00000, 0.00017
1268, 2.942837, -28, 500, 0.00000, -0.00019
1269, 2.947265, -28, 500, 0.00000, 0.00053
1270, 2.951218, -28, 500, 0.00000, -0.00019
1271, 2.955433, -28, 500, 0.00000, -0.00091
1272, 2.959691, -28, 500, 0.00000, -0.00019
1273, 2.963856, -28, 500, 0.00000, -0.00019
1274, 2.968133, -28, 500, 0.00000, -0.00055
1275, 2.972196, -28, 500, 0.00000, -0.00630
1276, 2.976315, -28, 500, 0.00000, -0.00163
1277, 2.980689, -28, 500, 0.00000, 0.00017
1278, 2.984715, -28, 500, 0.00000, -0.00199
1279, 2.989190, -28, 500, 0.00000, -0.00019
1280, 2.993362, -28, 500, 0.00000, -0.00091
1281, 2.997398, -28, 500, 0.00000, -0.00055
1282, 3.001697, -28, 500, 0.00000, 0.00017
1283, 3.005867, -28, 500, 0.20000, -0.00055
1284, 3.010191, -28, 500, 0.20000, 0.00161
1285, 3.014928, -28, 500, 0.20000, 0.01598
1286, 3.018900, -28, 500, 0.20000, 0.03108
1287, 3.023420, -28, 500, 0.20000, 0.04977
1288, 3.027792, -28, 500, 0.20000, 0.07242
1289, 3.031374, -28, 500, 0.20000, 0.09291
1290, 3.035375, -28, 500, 0.20000, 0.11448
1291, 3.039880, -28, 500, 0.20000, 0.14143
1292, 3.044172, -28, 500, 0.20000, 0.15977
1293, 3.047970, -28, 500, 0.20000, 0.17522
1294, 3.051957, -28, 500, 0.20000, 0.18996
1295, 3.056157, -28, 500, 0.20000, 0.21225
1296, 3.060348, -28, 500, 0.20000, 0.21404
1297, 3.064716, -28, 500, 0.20000, 0.21979
1298, 3.068627, -28, 500, 0.20000, 0.22555
1299, 3.072404, -28, 500, 0.20000, 0.22806
1300, 3.076442, -28, 500, 0.20000, 0.22914
1301, 3.081722, -28, 500, 0.20000, 0.22734
1302, 3.087385, -28, 500, 0.20000, 0.22627
1303, 3.092812, -28, 500, 0.20000, 0.22123
1304, 3.098432, -28, 500, 0.20000, 0.21728
1305, 3.104368, -28, 500, 0.20000, 0.21368
1306, 3.108988, -28, 500, 0.20000, 0.20650
1307, 3.113146, -28, 500, 0.20000, 0.20506
1308, 3.117126, -28, 500, 0.20000, 0.20290
1309, 3.122835, -28, 500, 0.20000, 0.19967
1310, 3.127869, -28, 500, 0.20000, 0.19823
1311, 3.133215, -28, 500, 0.20000, 0.19607
1312, 3.138397, -28, 500, 0.20000, 0.19679
1313, 3.142465, -28, 500, 0.20000, 0.19463
1314, 3.146845, -28, 500, 0.20000, 0.18780
1315, 3.152131, -28, 500, 0.20000, 0.19571
1316, 3.157221, -28, 500, 0.20000, 0.19607
1317, 3.162368, -28, 500, 0.20000, 0.19607
1318, 3.167695, -28, 500, 0.20000, 0.19751
1319, 3.173693, -28, 500, 0.20000, 0.19787
1320, 3.178226, -28, 500, 0.20000, 0.19859
1321, 3.183922, -28, 500, 0.20000, 0.19931
1322, 3.189703, -28, 500, 0.20000, 0.19931
1323, 3.194993, -28, 500, 0.20000, 0.20146
1324, 3.200451, -28, 500, 0.20000, 0.20074
1325, 3.206695, -28, 500, 0.20000, 0.20506
1326, 3.212166, -28, 500, 0.20000, 0.20110
1327, 3.217645, -28, 500, 0.20000, 0.20146
1328, 3.221714, -28, 500, 0.20000, 0.20182
1329, 3.226191, -28, 500, 0.20000, 0.19967
1330, 3.231701, -28, 500, 0.20000, 0.20110
1331, 3.236988, -28, 500, 0.20000, 0.20110
1332, 3.240967, -28, 500, 0.20000, 0.20038
1333, 3.245857, -28, 500, 0.20000, 0.20002
1334, 3.249901, -28, 500, 0.20000, 0.19967
1335, 3.253717, -28, 500, 0.20000, 0.19895
1336, 3.257896, -28, 500, 0.20000, 0.19967
1337, 3.262381, -28, 500, 0.20000, 0.19931
1338, 3.268152, -28, 500, 0.20000, 0.19463
1339, 3.273690, -28, 500, 0.20000, 0.19931
1340, 3.278452, -28, 500, 0.20000, 0.20002
1341, 3.285157, -28, 500, 0.20000, 0.19967
1342, 3.289993, -28, 500, 0.20000, 0.19859
1343, 3.295190, -28, 500, 0.20000, 0.19967
1344, 3.300719, -28, 500, 0.20000, 0.19895
1345, 3.306831, -28, 500, 0.20000, 0.19967
1346, 3.311457, -28, 500, 0.20000, 0.19931
1347, 3.317401, -28, 500, 0.20000, 0.20002
1348, 3.321832, -28, 500, 0.20000, 0.20038
1349, 3.325839, -28, 500, 0.20000, 0.20038
1350, 3.330171, -28, 500, 0.20000, 0.20506
1351, 3.335914, -28, 500, 0.20000, 0.19895
1352, 3.340359, -28, 500, 0.20000, 0.20002
1353, 3.345207, -28, 500, 0.20000, 0.20002
1354, 3.350463, -28, 500, 0.20000, 0.19967
1355, 3.356365, -28, 500, 0.20000, 0.19931
1356, 3.360927, -28, 500, 0.20000, 0.19931
1357, 3.366191, -28, 500, 0.20000, 0.20038
1358, 3.371237, -28, 500, 0.20000, 0.20721
1359, 3.377237, -28, 500, 0.20000, 0.20074
1360, 3.382862, -28, 500, 0.20000, 0.20002
1361, 3.386733, -28, 500, 0.20000, 0.20398
1362, 3.391446, -28, 500, 0.20000, 0.19967
1363, 3.396870, -28, 500, 0.20000, 0.20038
1364, 3.402487, -28, 500, 0.20000, 0.19931
1365, 3.407878, -28, 500, 0.20000, 0.19967
1366, 3.412888, -28, 500, 0.20000, 0.20074
1367, 3.418839, -28, 500, 0.20000, 0.19967
1368, 3.424665, -28, 500, 0.20000, 0.20290
1369, 3.429396, -28, 500, 0.20000, 0.19931
1370, 3.434871, -28, 500, 0.20000, 0.20002
1371, 3.439862, -28, 500, 0.20000, 0.19931
1372, 3.444632, -28, 500, 0.20000, 0.19931
1373, 3.448363, -28, 500, 0.20000, 0.19895
1374, 3.453662, -28, 500, 0.20000, 0.19931
1375, 3.457700, -28, 500, 0.20000, 0.19967
1376, 3.462661, -28, 500, 0.20000, 0.20146
1377, 3.468883, -28, 500, 0.20000, 0.19967
1378, 3.473987, -28, 500, 0.20000, 0.19967
1379, 3.479132, -28, 500, 0.20000, 0.19931
1380, 3.484381, -28, 500, 0.20000, 0.19931
1381, 3.489817, -28, 500, 0.20000, 0.20038
1382, 3.495479, -28, 500, 0.20000, 0.20002
1383, 3.500909, -28, 500, 0.20000, 0.19931
1384, 3.506740, -28, 500, 0.20000, 0.20110
1385, 3.511121, -28, 500, 0.20000, 0.20002
1386, 3.516342, -28, 500, 0.20000, 0.20578
1387, 3.521703, -28, 500, 0.20000, 0.19967
1388, 3.526127, -28, 500, 0.20000, 0.19679
1389, 3.531492, -28, 500, 0.20000, 0.20038
1390, 3.536970, -28, 500, 0.20000, 0.19967
1391, 3.541631, -28, 500, 0.20000, 0.20002
1392, 3.545661, -28, 500, 0.20000, 0.20074
1393, 3.550386, -28, 500, 0.20000, 0.20110
1394, 3.555624, -28, 500, 0.20000, 0.20002
1395, 3.560951, -28, 500, 0.20000, 0.20038
1396, 3.566718, -28, 500, 0.20000, 0.20002
1397, 3.571491, -28, 500, 0.20000, 0.19931
1398, 3.577157, -28, 500, 0.20000, 0.20074
1399, 3.582392, -28, 500, 0.20000, 0.20110
1400, 3.587720, -28, 500, 0.20000, 0.20146
1401, 3.592688, -28, 500, 0.20000, 0.20002
1402, 3.596856, -28, 500, 0.20000, 0.20002
1403, 3.600490, -28, 500, 0.20000, 0.19895
1404, 3.604655, -28, 500, 0.20000, 0.20542
1405, 3.609191, -28, 500, 0.20000, 0.19967
1406, 3.613287, -28, 500, 0.20000, 0.19679
1407, 3.616936, -28, 500, 0.20000, 0.19931
1408, 3.620993, -28, 500, 0.20000, 0.20146
1409, 3.625353, -28, 500, 0.20000, 0.19499
1410, 3.629341, -28, 500, 0.20000, 0.19967
1411, 3.633385, -28, 500, 0.20000, 0.19967
1412, 3.637653, -28, 500, 0.20000, 0.20146
1413, 3.641749, -28, 500, 0.20000, 0.20182
1414, 3.645861, -28, 500, 0.20000, 0.18816
1415, 3.649951, -28, 500, 0.20000, 0.20038
1416, 3.653995, -28, 500, 0.20000, 0.19859
1417, 3.657775, -28, 500, 0.20000, 0.20146
1418, 3.661708, -28, 500, 0.20000, 0.19931
1419, 3.665795, -28, 500, 0.20000, 0.20038
1420, 3.669984, -28, 500, 0.20000, 0.20074
1421, 3.674796, -28, 500, 0.20000, 0.20002
1422, 3.679127, -28, 500, 0.20000, 0.19967
1423, 3.683190, -28, 500, 0.20000, 0.20002
1424, 3.687428, -28, 500, 0.20000, 0.20038
1425, 3.691927, -28, 500, 0.20000, 0.19967
1426, 3.696230, -28, 500, 0.20000, 0.20110
1427, 3.700647, -28, 500, 0.20000, 0.19931
1428, 3.704750, -28, 500, 0.20000, 0.19895
1429, 3.709491, -28, 500, 0.20000, 0.19787
1430, 3.714197, -28, 500, 0.20000, 0.20074
1431, 3.718731, -28, 500, 0.20000, 0.19715
1432, 3.723221, -28, 500, 0.20000, 0.20038
1433, 3.727713, -28, 500, 0.20000, 0.20110
1434, 3.731740, -28, 500, 0.20000, 0.19859
1435, 3.735279, -28, 500, 0.20000, 0.20002
1436, 3.739442, -28, 500, 0.20000, 0.19895
1437, 3.743479, -28, 500, 0.20000, 0.19931
1438, 3.747787, -28, 500, 0.20000, 0.20038
1439, 3.751680, -28, 500, 0.20000, 0.20038
1440, 3.755696, -28, 500, 0.20000, 0.19967
1441, 3.759642, -28, 500, 0.20000, 0.19931
1442, 3.763704, -28, 500, 0.20000, 0.20002
1443, 3.767791, -28, 500, 0.20000, 0.20002
1444, 3.771948, -28, 500, 0.20000, 0.20434
1445, 3.776460, -28, 500, 0.20000, 0.20002
1446, 3.780930, -28, 500, 0.20000, 0.20002
1447, 3.784819, -28, 500, 0.20000, 0.20038
1448, 3.788985, -28, 500, 0.20000, 0.20002
1449, 3.792930, -28, 500, 0.20000, 0.20038
1450, 3.797196, -28, 500, 0.20000, 0.20506
1451, 3.801644, -28, 500, 0.20000, 0.19967
1452, 3.805971, -28, 500, 0.20000, 0.19751
1453, 3.810191, -28, 500, 0.20000, 0.20038
1454, 3.813987, -28, 500, 0.20000, 0.19859
1455, 3.817905, -28, 500, 0.20000, 0.20038
1456, 3.821990, -28, 500, 0.20000, 0.19895
1457, 3.825987, -28, 500, 0.20000, 0.20002
1458, 3.829883, -28, 500, 0.20000, 0.19895
1459, 3.833824, -28, 500, 0.20000, 0.19931
1460, 3.837987, -28, 500, 0.20000, 0.19823
1461, 3.841986, -28, 500, 0.20000, 0.20002
1462, 3.845909, -28, 500, 0.20000, 0.19931
1463, 3.849926, -28, 500, 0.20000, 0.20002
1464, 3.853864, -28, 500, 0.20000, 0.20074
1465, 3.857843, -28, 500, 0.20000, 0.19931
1466, 3.862787, -28, 500, 0.20000, 0.20002
1467, 3.867835, -28, 500, 0.20000, 0.19931
1468, 3.872929, -28, 500, 0.20000, 0.20362
1469, 3.878691, -28, 500, 0.20000, 0.20002
1470, 3.883879, -28, 500, 0.20000, 0.19967
1471, 3.889132, -28, 500, 0.20000, 0.19895
1472, 3.894688, -28, 500, 0.20000, 0.20002
1473, 3.900861, -28, 500, 0.20000, 0.19895
1474, 3.905934, -28, 500, 0.20000, 0.19931
1475, 3.910366, -28, 500, 0.20000, 0.19931
1476, 3.915765, -28, 500, 0.20000, 0.20110
1477, 3.920866, -28, 500, 0.20000, 0.20038
1478, 3.926623, -28, 500, 0.20000, 0.19967
1479, 3.931729, -28, 500, 0.20000, 0.19967
1480, 3.937390, -28, 500, 0.20000, 0.19931
1481, 3.942811, -28, 500, 0.20000, 0.19931
1482, 3.948237, -28, 500, 0.20000, 0.20074
1483, 3.953866, -28, 500, 0.20000, 0.19895
1484, 3.959942, -28, 500, 0.20000, 0.20038
1485, 3.966191, -28, 500, 0.20000, 0.20002
1486, 3.971734, -28, 500, 0.20000, 0.20002
1487, 3.977124, -28, 500, 0.20000, 0.20074
1488, 3.982223, -28, 500, 0.20000, 0.19895
1489, 3.986772, -28, 500, 0.20000, 0.20038
1490, 3.990747, -28, 500, 0.20000, 0.20074
1491, 3.995337, -28, 500, 0.20000, 0.20254
1492, 4.000237, -28, 500, 0.20000, 0.20362
1493, 4.004798, -28, 500, 0.20000, 0.20038
1494, 4.009436, -28, 500, 0.00000, 0.19859
1495, 4.014333, -28, 500, 0.00000, 0.19787
1496, 4.019466, -28, 500, 0.00000, 0.18241
1497, 4.023971, -28, 500, 0.00000, 0.16516
1498, 4.029137, -28, 500, 0.00000, 0.13712
1499, 4.033256, -28, 500, 0.00000, 0.11340
1500, 4.037362, -28, 500, 0.00000, 0.09363
1501, 4.041630, -28, 500, 0.00000, 0.06918
1502, 4.045399, -28, 500, 0.00000, 0.05157
1503, 4.050282, -28, 500, 0.00000, 0.02893
1504, 4.055165, -28, 500, 0.00000, 0.00951
1505, 4.059837, -28, 500, 0.00000, -0.00486
1506, 4.064991, -28, 500, 0.00000, -0.01708
1507, 4.070221, -28, 500, 0.00000, -0.02212
1508, 4.075292, -28, 500, 0.00000, -0.02715
1509, 4.080389, -28, 500, 0.00000, -0.02715
1510, 4.085808, -28, 500, 0.00000, -0.02859
1511, 4.090856, -28, 500, 0.00000, -0.02571
1512, 4.095440, -28, 500, 0.00000, -0.02212
1513, 4.099757, -28, 500, 0.00000, -0.01888
1514, 4.103987, -28, 500, 0.00000, -0.01529
1515, 4.108792, -28, 500, 0.00000, -0.01133
1516, 4.114363, -28, 500, 0.00000, -0.00702
1517, 4.119822, -28, 500, 0.00000, -0.00343
1518, 4.124978, -28, 500, 0.00000, -0.00019
1519, 4.129290, -28, 500, 0.00000, 0.00017
1520, 4.133491, -28, 500, 0.00000, 0.00233
1521, 4.137841, -28, 500, 0.00000, 0.00269
1522, 4.143747, -28, 500, 0.00000, 0.00340
1523, 4.148887, -28, 500, 0.00000, 0.00197
1524, 4.154149, -28, 500, 0.00000, 0.00304
1525, 4.158796, -28, 500, 0.00000, 0.00304
1526, 4.164316, -28, 500, 0.00000, 0.00053
1527, 4.169700, -28, 500, 0.00000, 0.00233
1528, 4.175733, -28, 500, 0.00000, 0.00197
1529, 4.180995, -28, 500, 0.00000, 0.00197
1530, 4.186362, -28, 500, 0.00000, -0.00019
1531, 4.190718, -28, 500, 0.00000, -0.00019
1532, 4.194680, -28, 500, 0.00000, 0.00053
1533, 4.198809, -28, 500, 0.00000, -0.00091
1534, 4.204735, -28, 500, 0.00000, -0.00199
1535, 4.209876, -28, 500, 0.00000, -0.00091
1536, 4.215756, -28, 500, 0.00000, -0.00055
1537, 4.219834, -28, 500, 0.00000, -0.00055
1538, 4.225880, -28, 500, 0.00000, -0.00055
1539, 4.231488, -28, 500, 0.00000, -0.00091
1540, 4.235487, -28, 500, 0.00000, 0.00556
1541, 4.239659, -28, 500, 0.00000, -0.00091
1542, 4.244735, -28, 500, 0.00000, 0.00125
1543, 4.249776, -28, 500, 0.00000, 0.00053
1544, 4.255311, -28, 500, 0.00000, -0.00127
1545, 4.261134, -28, 500, 0.00000, -0.01061
1546, 4.266313, -28, 500, 0.00000, 0.00304
1547, 4.271946, -28, 500, 0.00000, -0.00127
1548, 4.277695, -28, 500, 0.00000, 0.00089
1549, 4.282803, -28, 500, 0.00000, -0.00019
1550, 4.288992, -28, 500, 0.00000, -0.00055
1551, 4.295243, -28, 500, 0.00000, 0.00017
1552, 4.300254, -28, 500, 0.00000, -0.00091
1553, 4.304423, -28, 500, 0.00000, 0.00017
1554, 4.308947, -28, 500, 0.00000, -0.00091
1555, 4.314668, -28, 500, 0.00000, 0.00017
1556, 4.319701, -28, 500, 0.00000, 0.00125
1557, 4.323674, -28, 500, 0.00000, -0.00055
1558, 4.327485, -28, 500, 0.00000, 0.00089
1559, 4.331712, -28, 500, 0.00000, 0.00125
1560, 4.335703, -28, 500, 0.00000, -0.00055
1561, 4.340667, -28, 500, 0.00000, -0.00055
1562, 4.346132, -28, 500, 0.00000, 0.00125
1563, 4.351982, -28, 500, 0.00000, -0.00055
1564, 4.356670, -28, 500, 0.00000, 0.00017
1565, 4.360380, -28, 500, 0.00000, 0.00017
1566, 4.364402, -28, 500, 0.00000, 0.00053
1567, 4.368626, -28, 500, 0.00000, -0.00019
1568, 4.373220, -28, 500, 0.00000, 0.00089
1569, 4.377423, -28, 500, 0.00000, -0.00019
1570, 4.382191, -28, 500, 0.00000, -0.00055
1571, 4.388380, -28, 500, 0.00000, -0.00055
1572, 4.392424, -28, 500, 0.00000, 0.00053
1573, 4.396664, -28, 500, 0.00000, -0.00019
1574, 4.400680, -28, 500, 0.00000, 0.00161
1575, 4.404358, -28, 500, 0.00000, 0.00017
1576, 4.408446, -28, 500, 0.00000, 0.00017
1577, 4.412284, -28, 500, 0.00000, 0.00772
1578, 4.416233, -28, 500, 0.00000, -0.00019
1579, 4.420370, -28, 500, 0.00000, -0.00091
1580, 4.424817, -28, 500, 0.00000, 0.00053
1581, 4.430238, -28, 500, 0.00000, -0.00055
1582, 4.435313, -28, 500, 0.00000, -0.00055
1583, 4.440322, -28, 500, 0.00000, 0.00053
1584, 4.444367, -28, 500, 0.00000, 0.00089
1585, 4.449320, -28, 500, 0.00000, -0.00091
1586, 4.455711, -28, 500, 0.00000, -0.00055
1587, 4.461442, -28, 500, 0.00000, 0.00269
1588, 4.467243, -28, 500, 0.00000, 0.00017
1589, 4.473237, -28, 500, 0.00000, 0.00161
1590, 4.478346, -28, 500, 0.00000, 0.00125
1591, 4.484382, -28, 500, 0.00000, 0.00053
1592, 4.490144, -28, 500, 0.00000, -0.00091
1593, 4.495987, -28, 500, 0.00000, -0.00019
1594, 4.500254, -28, 500, 0.00000, 0.00017
1595, 4.503991, -28, 500, 0.00000, -0.00019
1596, 4.507876, -28, 500, 0.00000, -0.00055
1597, 4.512381, -28, 500, 0.00000, 0.00017
1598, 4.516232, -28, 500, 0.00000, -0.00019
1599, 4.520216, -28, 500, 0.00000, -0.00055
1600, 4.524426, -28, 500, 0.00000, 0.00053
1601, 4.528340, -28, 500, 0.00000, 0.00053
1602, 4.532253, -28, 500, 0.00000, 0.00628
1603, 4.536370, -28, 500, 0.00000, -0.00019
1604, 4.540402, -28, 500, 0.00000, -0.00019
1605, 4.544733, -28, 500, 0.00000, -0.00019
1606, 4.548717, -28, 500, 0.00000, 0.00053
1607, 4.552781, -28, 500, 0.00000, 0.00017
1608, 4.556971, -28, 500, 0.00000, -0.00127
1609, 4.561426, -28, 500, 0.00000, 0.00484
1610, 4.566228, -28, 500, 0.00000, -0.00019
1611, 4.571461, -28, 500, 0.00000, -0.00019
1612, 4.576812, -28, 500, 0.00000, -0.00127
1613, 4.582215, -28, 500, 0.00000, -0.00127
1614, 4.587738, -28, 500, 0.00000, 0.00448
1615, 4.592992, -28, 500, 0.00000, -0.00055
1616, 4.598487, -28, 500, 0.00000, -0.00019
1617, 4.603196, -28, 500, 0.00000, -0.00558
1618, 4.608405, -28, 500, 0.00000, -0.00990
1619, 4.613488, -28, 500, 0.00000, -0.00019
1620, 4.619239, -28, 500, 0.00000, 0.00161
1621, 4.624677, -28, 500, 0.00000, 0.00089
1622, 4.630216, -28, 500, 0.00000, -0.00019
1623, 4.633993, -28, 500, 0.00000, 0.00017
1624, 4.638321, -28, 500, 0.00000, -0.00163
1625, 4.643314, -28, 500, 0.00000, 0.00017
1626, 4.648681, -28, 500, 0.00000, 0.00017
1627, 4.652774, -28, 500, 0.00000, 0.00017
1628, 4.656491, -28, 500, 0.00000, -0.00055
1629, 4.660494, -28, 500, 0.00000, -0.00055
1630, 4.664945, -28, 500, 0.00000, -0.00019
1631, 4.669222, -28, 500, 0.00000, 0.00161
1632, 4.674901, -28, 500, 0.00000, 0.00017
1633, 4.680624, -28, 500, 0.00000, -0.00091
1634, 4.685711, -28, 500, 0.00000, 0.00161
1635, 4.689804, -28, 500, 0.00000, -0.00127
1636, 4.693672, -28, 500, 0.00000, 0.00089
1637, 4.697418, -28, 500, 0.00000, -0.00019
1638, 4.701495, -28, 500, 0.00000, 0.00053
1639, 4.705356, -28, 500, 0.00000, -0.00055
1640, 4.709632, -28, 500, 0.00000, -0.00055
1641, 4.713442, -28, 500, 0.00000, 0.00125
1642, 4.717808, -28, 500, 0.00000, -0.00091
1643, 4.721713, -28, 500, 0.00000, -0.00127
1644, 4.725687, -28, 500, 0.00000, 0.00017
1645, 4.729349, -28, 500, 0.00000, 0.00053
1646, 4.733123, -28, 500, 0.00000, -0.00055
1647, 4.736884, -28, 500, 0.00000, -0.00127
1648, 4.741127, -28, 500, 0.00000, 0.00017
1649, 4.745131, -28, 500, 0.00000, 0.00053
1650, 4.748756, -28, 500, 0.00000, -0.00055
1651, 4.754438, -28, 500, 0.00000, -0.00199
1652, 4.759626, -28, 500, 0.00000, 0.00017
1653, 4.765371, -28, 500, 0.00000, 0.00017
1654, 4.769343, -28, 500, 0.00000, -0.00019
1655, 4.773799, -28, 500, 0.00000, 0.00053
1656, 4.778933, -28, 500, 0.00000, 0.00053
1657, 4.784893, -28, 500, 0.00000, 0.00376
1658, 4.790717, -28, 500, 0.00000, -0.00019
1659, 4.796361, -28, 500, 0.00000, 0.00053
1660, 4.800862, -28, 500, 0.00000, 0.00053
1661, 4.804879, -28, 500, 0.00000, 0.00053
1662, 4.808945, -28, 500, 0.00000, -0.00055
1663, 4.812843, -28, 500, 0.00000, -0.00019
1664, 4.816658, -28, 500, 0.00000, 0.00089
1665, 4.821135, -28, 500, 0.00000, -0.00019
1666, 4.825874, -28, 500, 0.00000, 0.00125
1667, 4.829872, -28, 500, 0.00000, 0.00161
1668, 4.834134, -28, 500, 0.00000, -0.00199
1669, 4.837963, -28, 500, 0.00000, 0.00017
1670, 4.841729, -28, 500, 0.00000, 0.00053
1671, 4.845731, -28, 500, 0.00000, 0.00017
1672, 4.849465, -28, 500, 0.00000, -0.00127
1673, 4.853301, -28, 500, 0.00000, 0.00304
1674, 4.857647, -28, 500, 0.00000, 0.00053
1675, 4.861712, -28, 500, 0.00000, 0.00089
1676, 4.867695, -28, 500, 0.00000, 0.00053
1677, 4.872677, -28, 500, 0.00000, 0.00017
1678, 4.876465, -28, 500, 0.00000, -0.00019
1679, 4.880717, -28, 500, 0.00000, -0.00091
1680, 4.884436, -28, 500, 0.00000, -0.00019
1681, 4.888642, -28, 500, 0.00000, -0.00055
1682, 4.893494, -28, 500, 0.00000, -0.00019
1683, 4.898756, -28, 500, 0.00000, 0.00017
1684, 4.903671, -28, 500, 0.00000, -0.00091
1685, 4.909697, -28, 500, 0.00000, -0.00235
1686, 4.915196, -28, 500, 0.00000, -0.00019
1687, 4.921352, -28, 500, 0.00000, -0.00055
1688, 4.926734, -28, 500, 0.00000, 0.00125
1689, 4.930367, -28, 500, 0.00000, 0.00304
1690, 4.934777, -28, 500, 0.00000, -0.00055
1691, 4.938743, -28, 500, 0.00000, -0.00019
1692, 4.942481, -28, 500, 0.00000, 0.00053
1693, 4.946369, -28, 500, 0.00000, -0.00558
1694, 4.950410, -28, 500, 0.00000, -0.00163
1695, 4.954634, -28, 500, 0.00000, -0.00127
1696, 4.958880, -28, 500, 0.00000, 0.00161
1697, 4.963256, -28, 500, 0.00000, -0.00019
1698, 4.967495, -28, 500, 0.00000, 0.00017
1699, 4.972623, -28, 500, 0.00000, 0.00017
1700, 4.977441, -28, 500, 0.00000, 0.00053
1701, 4.982832, -28, 500, 0.00000, -0.00019
1702, 4.988778, -28, 500, 0.00000, 0.00161
1703, 4.993751, -28, 500, 0.00000, 0.00017
1704, 4.997940, -28, 500, 0.00000, 0.00125
1705, 5.002993, -28, 500, 0.00000, -0.00055
1706, 5.008831, -28, 500, 0.00000, -0.00091
1707, 5.013243, -28, 500, 0.20000, 0.00053
1708, 5.018367, -28, 500, 0.20000, 0.00089
1709, 5.023319, -28, 500, 0.20000, 0.01311
1710, 5.027309, -28, 500, 0.20000, 0.03324
1711, 5.031432, -28, 500, 0.20000, 0.05049
1712, 5.036731, -28, 500, 0.20000, 0.07961
1713, 5.041933, -28, 500, 0.20000, 0.10944
1714, 5.047195, -28, 500, 0.20000, 0.14359
1715, 5.053215, -28, 500, 0.20000, 0.16228
1716, 5.058407, -28, 500, 0.20000, 0.19248
1717, 5.063219, -28, 500, 0.20000, 0.20506
1718, 5.068470, -28, 500, 0.20000, 0.21404
1719, 5.072851, -28, 500, 0.20000, 0.22123
1720, 5.076866, -28, 500, 0.20000, 0.22662
1721, 5.080823, -28, 500, 0.20000, 0.23094
1722, 5.086787, -28, 500, 0.20000, 0.23058
1723, 5.091199, -28, 500, 0.20000, 0.22986
1724, 5.096474, -28, 500, 0.20000, 0.22698
1725, 5.100440, -28, 500, 0.20000, 0.22267
1726, 5.104488, -28, 500, 0.20000, 0.21908
1727, 5.108459, -28, 500, 0.20000, 0.21944
1728, 5.114157, -28, 500, 0.20000, 0.21225
1729, 5.119643, -28, 500, 0.20000, 0.20578
1730, 5.124366, -28, 500, 0.20000, 0.20398
1731, 5.129402, -28, 500, 0.20000, 0.19427
1732, 5.134742, -28, 500, 0.20000, 0.19715
1733, 5.139866, -28, 500, 0.20000, 0.19463
1734, 5.144699, -28, 500, 0.20000, 0.19679
1735, 5.149997, -28, 500, 0.20000, 0.19607
1736, 5.155190, -28, 500, 0.20000, 0.19535
1737, 5.160191, -28, 500, 0.20000, 0.19535
1738, 5.165283, -28, 500, 0.20000, 0.19823
1739, 5.170240, -28, 500, 0.20000, 0.19535
1740, 5.174853, -28, 500, 0.20000, 0.19787
1741, 5.179822, -28, 500, 0.20000, 0.19787
1742, 5.183988, -28, 500, 0.20000, 0.19823
1743, 5.188368, -28, 500, 0.20000, 0.19571
1744, 5.192686, -28, 500, 0.20000, 0.19895
1745, 5.197428, -28, 500, 0.20000, 0.19967
1746, 5.202211, -28, 500, 0.20000, 0.20254
1747, 5.206374, -28, 500, 0.20000, 0.20038
1748, 5.210297, -28, 500, 0.20000, 0.19895
1749, 5.214652, -28, 500, 0.20000, 0.19967
1750, 5.218243, -28, 500, 0.20000, 0.20038
1751, 5.223316, -28, 500, 0.20000, 0.19787
1752, 5.228881, -28, 500, 0.20000, 0.19967
1753, 5.234849, -28, 500, 0.20000, 0.20002
1754, 5.240628, -28, 500, 0.20000, 0.20110
1755, 5.246296, -28, 500, 0.20000, 0.20002
1756, 5.251629, -28, 500, 0.20000, 0.19967
1757, 5.255443, -28, 500, 0.20000, 0.20002
1758, 5.259486, -28, 500, 0.20000, 0.20002
1759, 5.263657, -28, 500, 0.20000, 0.20254
1760, 5.267254, -28, 500, 0.20000, 0.20002
1761, 5.271151, -28, 500, 0.20000, 0.19967
1762, 5.275462, -28, 500, 0.20000, 0.19931
1763, 5.279445, -28, 500, 0.20000, 0.20074
1764, 5.283459, -28, 500, 0.20000, 0.20110
1765, 5.287671, -28, 500, 0.20000, 0.19967
1766, 5.291890, -28, 500, 0.20000, 0.19751
1767, 5.295631, -28, 500, 0.20000, 0.20002
1768, 5.299415, -28, 500, 0.20000, 0.19571
1769, 5.304225, -28, 500, 0.20000, 0.19931
1770, 5.308970, -28, 500, 0.20000, 0.20038
1771, 5.314485, -28, 500, 0.20000, 0.19967
1772, 5.318339, -28, 500, 0.20000, 0.19967
1773, 5.322149, -28, 500, 0.20000, 0.20254
1774, 5.326300, -28, 500, 0.20000, 0.19931
1775, 5.330192, -28, 500, 0.20000, 0.20254
1776, 5.335367, -28, 500, 0.20000, 0.19967
1777, 5.340998, -28, 500, 0.20000, 0.19859
1778, 5.346466, -28, 500, 0.20000, 0.20038
1779, 5.351224, -28, 500, 0.20000, 0.20074
1780, 5.356867, -28, 500, 0.20000, 0.19967
1781, 5.361948, -28, 500, 0.20000, 0.20614
1782, 5.367754, -28, 500, 0.20000, 0.19931
1783, 5.373220, -28, 500, 0.20000, 0.19931
1784, 5.379236, -28, 500, 0.20000, 0.19895
1785, 5.383125, -28, 500, 0.20000, 0.20002
1786, 5.387222, -28, 500, 0.20000, 0.19967
1787, 5.390887, -28, 500, 0.20000, 0.19931
1788, 5.395135, -28, 500, 0.20000, 0.20254
1789, 5.398969, -28, 500, 0.20000, 0.20038
1790, 5.403361, -28, 500, 0.20000, 0.19895
1791, 5.407685, -28, 500, 0.20000, 0.20002
1792, 5.412149, -28, 500, 0.20000, 0.20002
1793, 5.417673, -28, 500, 0.20000, 0.20038
1794, 5.422696, -28, 500, 0.20000, 0.20038
1795, 5.426874, -28, 500, 0.20000, 0.19823
1796, 5.430944, -28, 500, 0.20000, 0.19859
1797, 5.434936, -28, 500, 0.20000, 0.19967
1798, 5.439157, -28, 500, 0.20000, 0.20038
1799, 5.444130, -28, 500, 0.20000, 0.20038
1800, 5.449278, -28, 500, 0.20000, 0.20002
1801, 5.454483, -28, 500, 0.20000, 0.19967
1802, 5.459635, -28, 500, 0.20000, 0.20074
1803, 5.463363, -28, 500, 0.20000, 0.19931
1804, 5.467649, -28, 500, 0.20000, 0.19859
1805, 5.471712, -28, 500, 0.20000, 0.19032
1806, 5.475490, -28, 500, 0.20000, 0.19931
1807, 5.479674, -28, 500, 0.20000, 0.20002
1808, 5.483668, -28, 500, 0.20000, 0.19895
1809, 5.487393, -28, 500, 0.20000, 0.19931
1810, 5.491339, -28, 500, 0.20000, 0.19931
1811, 5.495363, -28, 500, 0.20000, 0.19931
1812, 5.499488, -28, 500, 0.20000, 0.20038
1813, 5.503649, -28, 500, 0.20000, 0.19931
1814, 5.507739, -28, 500, 0.20000, 0.19931
1815, 5.511646, -28, 500, 0.20000, 0.20146
1816, 5.515426, -28, 500, 0.20000, 0.20002
1817, 5.519367, -28, 500, 0.20000, 0.19859
1818, 5.523738, -28, 500, 0.20000, 0.19571
1819, 5.529159, -28, 500, 0.20000, 0.20038
1820, 5.534196, -28, 500, 0.20000, 0.19895
1821, 5.539639, -28, 500, 0.20000, 0.20002
1822, 5.544430, -28, 500, 0.20000, 0.20074
1823, 5.548955, -28, 500, 0.20000, 0.19931
1824, 5.553733, -28, 500, 0.20000, 0.19931
1825, 5.559404, -28, 500, 0.20000, 0.19535
1826, 5.565190, -28, 500, 0.20000, 0.20002
1827, 5.570306, -28, 500, 0.20000, 0.20290
1828, 5.575366, -28, 500, 0.20000, 0.20254
1829, 5.580465, -28, 500, 0.20000, 0.20074
1830, 5.585929, -28, 500, 0.20000, 0.19967
1831, 5.591687, -28, 500, 0.20000, 0.20002
1832, 5.597705, -28, 500, 0.20000, 0.19967
1833, 5.601944, -28, 500, 0.20000, 0.20110
1834, 5.605802, -28, 500, 0.20000, 0.20002
1835, 5.609743, -28, 500, 0.20000, 0.20326
1836, 5.613808, -28, 500, 0.20000, 0.19967
1837, 5.617494, -28, 500, 0.20000, 0.19931
1838, 5.621495, -28, 500, 0.20000, 0.19895
1839, 5.625740, -28, 500, 0.20000, 0.19895
1840, 5.629889, -28, 500, 0.20000, 0.19571
1841, 5.634794, -28, 500, 0.20000, 0.20002
1842, 5.639431, -28, 500, 0.20000, 0.19967
1843, 5.643422, -28, 500, 0.20000, 0.20074
1844, 5.647493, -28, 500, 0.20000, 0.19931
1845, 5.651489, -28, 500, 0.20000, 0.20074
1846, 5.655638, -28, 500, 0.20000, 0.19967
1847, 5.660276, -28, 500, 0.20000, 0.19967
1848, 5.665789, -28, 500, 0.20000, 0.19427
1849, 5.671461, -28, 500, 0.20000, 0.20326
1850, 5.677464, -28, 500, 0.20000, 0.20002
1851, 5.683312, -28, 500, 0.20000, 0.19859
1852, 5.689689, -28, 500, 0.20000, 0.20038
1853, 5.695302, -28, 500, 0.20000, 0.20038
1854, 5.701242, -28, 500, 0.20000, 0.20038
1855, 5.707487, -28, 500, 0.20000, 0.20038
1856, 5.711862, -28, 500, 0.20000, 0.19895
1857, 5.716437, -28, 500, 0.20000, 0.19787
1858, 5.720951, -28, 500, 0.20000, 0.19967
1859, 5.724857, -28, 500, 0.20000, 0.20110
1860, 5.729449, -28, 500, 0.20000, 0.20110
1861, 5.733361, -28, 500, 0.20000, 0.20002
1862, 5.737742, -28, 500, 0.20000, 0.20074
1863, 5.742123, -28, 500, 0.20000, 0.20002
1864, 5.747381, -28, 500, 0.20000, 0.20038
1865, 5.753690, -28, 500, 0.20000, 0.19967
1866, 5.758983, -28, 500, 0.20000, 0.20002
1867, 5.764742, -28, 500, 0.20000, 0.20074
1868, 5.769142, -28, 500, 0.20000, 0.19823
1869, 5.774687, -28, 500, 0.20000, 0.20038
1870, 5.781205, -28, 500, 0.20000, 0.19967
1871, 5.787992, -28, 500, 0.20000, 0.19787
1872, 5.793673, -28, 500, 0.20000, 0.20038
1873, 5.799154, -28, 500, 0.20000, 0.19320
1874, 5.803681, -28, 500, 0.20000, 0.20002
1875, 5.807976, -28, 500, 0.20000, 0.20146
1876, 5.811929, -28, 500, 0.20000, 0.20002
1877, 5.816137, -28, 500, 0.20000, 0.20470
1878, 5.820363, -28, 500, 0.20000, 0.20074
1879, 5.824987, -28, 500, 0.20000, 0.20074
1880, 5.829636, -28, 500, 0.20000, 0.20182
1881, 5.833403, -28, 500, 0.20000, 0.20146
1882, 5.837218, -28, 500, 0.20000, 0.20038
1883, 5.841379, -28, 500, 0.20000, 0.19931
1884, 5.845741, -28, 500, 0.20000, 0.20146
1885, 5.849743, -28, 500, 0.20000, 0.20290
1886, 5.854627, -28, 500, 0.20000, 0.19859
1887, 5.859881, -28, 500, 0.20000, 0.20110
1888, 5.865695, -28, 500, 0.20000, 0.20074
1889, 5.872223, -28, 500, 0.20000, 0.20038
1890, 5.877196, -28, 500, 0.20000, 0.19859
1891, 5.881750, -28, 500, 0.20000, 0.20074
1892, 5.886901, -28, 500, 0.20000, 0.19967
1893, 5.893157, -28, 500, 0.20000, 0.20434
1894, 5.898878, -28, 500, 0.20000, 0.19967
1895, 5.903683, -28, 500, 0.20000, 0.19895
1896, 5.907987, -28, 500, 0.20000, 0.20074
1897, 5.914151, -28, 500, 0.20000, 0.19895
1898, 5.920664, -28, 500, 0.20000, 0.19967
1899, 5.926381, -28, 500, 0.20000, 0.20002
1900, 5.932838, -28, 500, 0.20000, 0.20110
1901, 5.938238, -28, 500, 0.20000, 0.19823
1902, 5.943685, -28, 500, 0.20000, 0.20038
1903, 5.950157, -28, 500, 0.20000, 0.20038
1904, 5.955494, -28, 500, 0.20000, 0.19967
1905, 5.959714, -28, 500, 0.20000, 0.20038
1906, 5.963862, -28, 500, 0.20000, 0.19967
1907, 5.968878, -28, 500, 0.20000, 0.19967
1908, 5.974212, -28, 500, 0.20000, 0.20002
1909, 5.979777, -28, 500, 0.20000, 0.20074
1910, 5.985622, -28, 500, 0.20000, 0.20002
1911, 5.989938, -28, 500, 0.20000, 0.20038
1912, 5.994679, -28, 500, 0.20000, 0.20038
1913, 6.000491, -28, 500, 0.20000, 0.19859
1914, 6.005803, -28, 500, 0.20000, 0.19787
1915, 6.010684, -28, 500, 0.20000, 0.20038
1916, 6.017190, -28, 500, 0.00000, 0.20002
1917, 6.021464, -28, 500, 0.00000, 0.19787
1918, 6.026492, -28, 500, 0.00000, 0.18565
1919, 6.032165, -28, 500, 0.00000, 0.16228
1920, 6.038141, -28, 500, 0.00000, 0.13029
1921, 6.044380, -28, 500, 0.00000, 0.09686
1922, 6.048220, -28, 500, 0.00000, 0.07889
1923, 6.051909, -28, 500, 0.00000, 0.06092
1924, 6.056157, -28, 500, 0.00000, 0.03504
1925, 6.060489, -28, 500, 0.00000, 0.01922
1926, 6.065487, -28, 500, 0.00000, 0.00376
1927, 6.069715, -28, 500, 0.00000, -0.00990
1928, 6.073883, -28, 500, 0.00000, -0.01744
1929, 6.079955, -28, 500, 0.00000, -0.02427
1930, 6.086722, -28, 500, 0.00000, -0.02823
1931, 6.092199, -28, 500, 0.00000, -0.02823
1932, 6.098707, -28, 500, 0.00000, -0.02643
1933, 6.105190, -28, 500, 0.00000, -0.02068
1934, 6.109712, -28, 500, 0.00000, -0.01960
1935, 6.113761, -28, 500, 0.00000, -0.01349
1936, 6.117884, -28, 500, 0.00000, -0.01061
1937, 6.122459, -28, 500, 0.00000, -0.00666
1938, 6.128469, -28, 500, 0.00000, -0.00271
1939, 6.134362, -28, 500, 0.00000, -0.00019
1940, 6.138338, -28, 500, 0.00000, 0.00161
1941, 6.142735, -28, 500, 0.00000, 0.00520
1942, 6.147299, -28, 500, 0.00000, 0.00304
1943, 6.151411, -28, 500, 0.00000, 0.00340
1944, 6.155218, -28, 500, 0.00000, 0.00376
1945, 6.158678, -28, 500, 0.00000, 0.00376
1946, 6.162973, -28, 500, 0.00000, 0.00376
1947, 6.166951, -28, 500, 0.00000, 0.00412
1948, 6.171497, -28, 500, 0.00000, 0.00304
1949, 6.177751, -28, 500, 0.00000, 0.00340
1950, 6.183882, -28, 500, 0.00000, 0.00161
1951, 6.189277, -28, 500, 0.00000, 0.00161
1952, 6.193760, -28, 500, 0.00000, 0.00125
1953, 6.199711, -28, 500, 0.00000, -0.00091
1954, 6.206153, -28, 500, 0.00000, -0.00199
1955, 6.212315, -28, 500, 0.00000, -0.00127
1956, 6.217864, -28, 500, 0.00000, -0.00630
1957, 6.222171, -28, 500, 0.00000, -0.00199
1958, 6.226191, -28, 500, 0.00000, -0.00163
1959, 6.230987, -28, 500, 0.00000, -0.00091
1960, 6.235699, -28, 500, 0.00000, -0.00091
1961, 6.241972, -28, 500, 0.00000, -0.00091
1962, 6.247868, -28, 500, 0.00000, -0.00055
1963, 6.254292, -28, 500, 0.00000, -0.00163
1964, 6.260448, -28, 500, 0.00000, -0.00019
1965, 6.266762, -28, 500, 0.00000, 0.00197
1966, 6.271780, -28, 500, 0.00000, 0.00053
1967, 6.275466, -28, 500, 0.00000, 0.00017
1968, 6.279743, -28, 500, 0.00000, 0.00053
1969, 6.284906, -28, 500, 0.00000, 0.00017
1970, 6.290278, -28, 500, 0.00000, 0.00017
1971, 6.295879, -28, 500, 0.00000, 0.00017
1972, 6.301713, -28, 500, 0.00000, 0.00089
1973, 6.306133, -28, 500, 0.00000, 0.00161
1974, 6.311487, -28, 500, 0.00000, 0.00053
1975, 6.317630, -28, 500, 0.00000, -0.00019
1976, 6.323879, -28, 500, 0.00000, 0.00053
1977, 6.329381, -28, 500, 0.00000, 0.00125
1978, 6.335673, -28, 500, 0.00000, -0.00199
1979, 6.341177, -28, 500, 0.00000, -0.00127
1980, 6.346390, -28, 500, 0.00000, 0.00017
1981, 6.350442, -28, 500, 0.00000, -0.00091
1982, 6.354723, -28, 500, 0.00000, 0.00017
1983, 6.358712, -28, 500, 0.00000, 0.00053
1984, 6.362798, -28, 500, 0.00000, -0.00019
1985, 6.366816, -28, 500, 0.00000, 0.00053
1986, 6.370894, -28, 500, 0.00000, -0.00199
1987, 6.374962, -28, 500, 0.00000, 0.00089
1988, 6.378952, -28, 500, 0.00000, -0.00055
1989, 6.383313, -28, 500, 0.00000, -0.01313
1990, 6.387722, -28, 500, 0.00000, -0.00019
1991, 6.391816, -28, 500, 0.00000, -0.00019
1992, 6.397375, -28, 500, 0.00000, -0.00055
1993, 6.402853, -28, 500, 0.00000, -0.00019
1994, 6.408623, -28, 500, 0.00000, -0.00163
1995, 6.413657, -28, 500, 0.00000, 0.00089
1996, 6.418362, -28, 500, 0.00000, 0.00340
1997, 6.423953, -28, 500, 0.00000, 0.00340
1998, 6.429497, -28, 500, 0.00000, -0.00055
1999, 6.435378, -28, 500, 0.00000, -0.00271
2000, 6.439635, -28, 500, 0.00000, 0.00197
2001, 6.443670, -28, 500, 0.00000, 0.00053
2002, 6.447917, -28, 500, 0.00000, 0.00017
2003, 6.451945, -28, 500, 0.00000, 0.00017
2004, 6.456192, -28, 500, 0.00000, 0.00448
2005, 6.460872, -28, 500, 0.00000, 0.00053
2006, 6.466134, -28, 500, 0.00000, 0.00125
2007, 6.471707, -28, 500, 0.00000, -0.00019
2008, 6.475456, -28, 500, 0.00000, 0.00053
2009, 6.479346, -28, 500, 0.00000, 0.00089
2010, 6.483441, -28, 500, 0.00000, -0.00055
2011, 6.487442, -28, 500, 0.00000, -0.00343
2012, 6.491479, -28, 500, 0.00000, 0.00017
2013, 6.495333, -28, 500, 0.00000, 0.00017
2014, 6.499343, -28, 500, 0.00000, -0.00091
2015, 6.504942, -28, 500, 0.00000, -0.00163
2016, 6.509436, -28, 500, 0.00000, 0.00017
2017, 6.514677, -28, 500, 0.00000, -0.00343
2018, 6.519784, -28, 500, 0.00000, -0.00055
2019, 6.524125, -28, 500, 0.00000, -0.00091
2020, 6.528420, -28, 500, 0.00000, 0.00197
2021, 6.533284, -28, 500, 0.00000, 0.00017
2022, 6.538985, -28, 500, 0.00000, 0.00053
2023, 6.545211, -28, 500, 0.00000, 0.00053
2024, 6.550929, -28, 500, 0.00000, 0.00125
2025, 6.555887, -28, 500, 0.00000, -0.00019
2026, 6.562134, -28, 500, 0.00000, -0.00055
2027, 6.568721, -28, 500, 0.00000, 0.00089
2028, 6.574196, -28, 500, 0.00000, 0.00017
2029, 6.579304, -28, 500, 0.00000, 0.00089
2030, 6.583995, -28, 500, 0.00000, 0.00269
2031, 6.588676, -28, 500, 0.00000, 0.00053
2032, 6.592437, -28, 500, 0.00000, 0.00161
2033, 6.597202, -28, 500, 0.00000, -0.00235
2034, 6.601666, -28, 500, 0.00000, 0.00053
2035, 6.606160, -28, 500, 0.00000, 0.00089
2036, 6.610683, -28, 500, 0.00000, 0.00089
2037, 6.614807, -28, 500, 0.00000, -0.00163
2038, 6.619156, -28, 500, 0.00000, -0.00235
2039, 6.623190, -28, 500, 0.00000, 0.00053
2040, 6.627429, -28, 500, 0.00000, 0.00017
2041, 6.631627, -28, 500, 0.00000, -0.00091
2042, 6.636641, -28, 500, 0.00000, 0.00017
2043, 6.641322, -28, 500, 0.00000, -0.00055
2044, 6.647689, -28, 500, 0.00000, -0.00019
2045, 6.653670, -28, 500, 0.00000, -0.00091
2046, 6.658876, -28, 500, 0.00000, 0.00053
2047, 6.663137, -28, 500, 0.00000, 0.00053
2048, 6.667629, -28, 500, 0.00000, 0.00089
2049, 6.671684, -28, 500, 0.00000, 0.00017
2050, 6.675700, -28, 500, 0.00000, -0.00019
2051, 6.679687, -28, 500, 0.00000, 0.00017
2052, 6.683826, -28, 500, 0.00000, 0.00017
2053, 6.687902, -28, 500, 0.00000, -0.00055
2054, 6.692191, -28, 500, 0.00000, 0.00089
2055, 6.696236, -28, 500, 0.00000, -0.00522
2056, 6.700455, -28, 500, 0.00000, -0.00055
2057, 6.704639, -28, 500, 0.00000, 0.00017
2058, 6.708668, -28, 500, 0.00000, -0.00091
2059, 6.712431, -28, 500, 0.00000, 0.00017
2060, 6.716446, -28, 500, 0.00000, 0.00376
2061, 6.720637, -28, 500, 0.00000, -0.00055
2062, 6.725444, -28, 500, 0.00000, 0.00017
2063, 6.730909, -28, 500, 0.00000, 0.00017
2064, 6.737123, -28, 500, 0.00000, -0.00019
2065, 6.741423, -28, 500, 0.00000, -0.00019
2066, 6.746650, -28, 500, 0.00000, -0.00019
2067, 6.752482, -28, 500, 0.00000, -0.00019
2068, 6.757243, -28, 500, 0.00000, -0.00055
2069, 6.761443, -28, 500, 0.00000, -0.01205
2070, 6.765989, -28, 500, 0.00000, -0.00055
2071, 6.770237, -28, 500, 0.00000, -0.00738
2072, 6.774742, -28, 500, 0.00000, -0.00019
2073, 6.778930, -28, 500, 0.00000, 0.00089
2074, 6.783191, -28, 500, 0.00000, 0.00089
2075, 6.787426, -28, 500, 0.00000, -0.00055
2076, 6.792212, -28, 500, 0.00000, -0.00055
2077, 6.796689, -28, 500, 0.00000, -0.00019
2078, 6.801137, -28, 500, 0.00000, 0.00053
2079, 6.804862, -28, 500, 0.00000, -0.00343
2080, 6.809674, -28, 500, 0.00000, -0.00163
2081, 6.813459, -28, 500, 0.00000, 0.00089
2082, 6.817744, -28, 500, 0.00000, 0.00053
2083, 6.821871, -28, 500, 0.00000, 0.00053
2084, 6.826348, -28, 500, 0.00000, 0.00089
2085, 6.831752, -28, 500, 0.00000, -0.00055
2086, 6.837705, -28, 500, 0.00000, -0.00019
2087, 6.842840, -28, 500, 0.00000, 0.00053
2088, 6.848386, -28, 500, 0.00000, -0.00127
2089, 6.854215, -28, 500, 0.00000, -0.00055
2090, 6.859648, -28, 500, 0.00000, 0.00017
2091, 6.865376, -28, 500, 0.00000, 0.00017
2092, 6.870709, -28, 500, 0.00000, 0.00053
2093, 6.876467, -28, 500, 0.00000, -0.00091
2094, 6.880764, -28, 500, 0.00000, -0.00019
2095, 6.885171, -28, 500, 0.00000, -0.00055
2096, 6.889432, -28, 500, 0.00000, 0.00053
2097, 6.893351, -28, 500, 0.00000, 0.00053
2098, 6.897771, -28, 500, 0.00000, 0.00053
2099, 6.901739, -28, 500, 0.00000, -0.00163
2100, 6.906125, -28, 500, 0.00000, 0.00089
2101, 6.909880, -28, 500, 0.00000, 0.00017
2102, 6.914359, -28, 500, 0.00000, -0.00055
2103, 6.918626, -28, 500, 0.00000, -0.00055
2104, 6.922847, -28, 500, 0.00000, -0.00055
2105, 6.927259, -28, 500, 0.00000, 0.00089
2106, 6.931347, -28, 500, 0.00000, 0.00161
2107, 6.935861, -28, 500, 0.00000, 0.00017
2108, 6.939925, -28, 500, 0.00000, 0.00053
2109, 6.945175, -28, 500, 0.00000, -0.00019
2110, 6.951990, -28, 500, 0.00000, 0.00017
2111, 6.957633, -28, 500, 0.00000, 0.00412
2112, 6.963498, -28, 500, 0.00000, -0.00055
2113, 6.967881, -28, 500, 0.00000, 0.00017
2114, 6.973361, -28, 500, 0.00000, 0.00484
2115, 6.978490, -28, 500, 0.00000, 0.00053
2116, 6.983860, -28, 500, 0.00000, 0.00053
2117, 6.989624, -28, 500, 0.00000, -0.00091
2118, 6.995737, -28, 500, 0.00000, 0.00125
2119, 7.001318, -28, 500, 0.00000, 0.00017
2120, 7.007123, -28, 500, 0.00000, -0.00091
2121, 7.010807, -28, 500, 0.00000, 0.00017
2122, 7.014677, -28, 500, 0.00000, 0.00089
2123, 7.018411, -28, 500, 0.20000, 0.00017
2124, 7.022671, -28, 500, 0.20000, 0.00161
2125, 7.026712, -28, 500, 0.20000, 0.01167
2126, 7.030673, -28, 500, 0.20000, 0.02677
2127, 7.034445, -28, 500, 0.20000, 0.04043
2128, 7.038712, -28, 500, 0.20000, 0.06307
2129, 7.042374, -28, 500, 0.20000, 0.08356
2130, 7.046884, -28, 500, 0.20000, 0.10657
2131, 7.050931, -28, 500, 0.20000, 0.12921
2132, 7.056382, -28, 500, 0.20000, 0.15617
2133, 7.061626, -28, 500, 0.20000, 0.18205
2134, 7.066977, -28, 500, 0.20000, 0.19859
2135, 7.071451, -28, 500, 0.20000, 0.21009
2136, 7.075862, -28, 500, 0.20000, 0.21908
2137, 7.080208, -28, 500, 0.20000, 0.22555
2138, 7.085924, -28, 500, 0.20000, 0.22914
2139, 7.091490, -28, 500, 0.20000, 0.23309
2140, 7.096235, -28, 500, 0.20000, 0.22950
2141, 7.100718, -28, 500, 0.20000, 0.22770
2142, 7.104717, -28, 500, 0.20000, 0.22267
2143, 7.108717, -28, 500, 0.20000, 0.21908
2144, 7.112671, -28, 500, 0.20000, 0.21692
2145, 7.117191, -28, 500, 0.20000, 0.21225
2146, 7.121362, -28, 500, 0.20000, 0.20901
2147, 7.125739, -28, 500, 0.20000, 0.20542
2148, 7.129370, -28, 500, 0.20000, 0.20254
2149, 7.133772, -28, 500, 0.20000, 0.20074
2150, 7.137783, -28, 500, 0.20000, 0.19715
2151, 7.141364, -28, 500, 0.20000, 0.19571
2152, 7.145360, -28, 500, 0.20000, 0.19679
2153, 7.149796, -28, 500, 0.20000, 0.19355
2154, 7.153964, -28, 500, 0.20000, 0.19284
2155, 7.158402, -28, 500, 0.20000, 0.19571
2156, 7.162816, -28, 500, 0.20000, 0.19607
2157, 7.168405, -28, 500, 0.20000, 0.19499
2158, 7.173923, -28, 500, 0.20000, 0.19571
2159, 7.179339, -28, 500, 0.20000, 0.19823
2160, 7.184781, -28, 500, 0.20000, 0.19679
2161, 7.189130, -28, 500, 0.20000, 0.19967
2162, 7.193996, -28, 500, 0.20000, 0.19931
2163, 7.199877, -28, 500, 0.20000, 0.20110
2164, 7.204879, -28, 500, 0.20000, 0.20470
2165, 7.208775, -28, 500, 0.20000, 0.20038
2166, 7.212966, -28, 500, 0.20000, 0.20074
2167, 7.218369, -28, 500, 0.20000, 0.19967
2168, 7.224636, -28, 500, 0.20000, 0.20110
2169, 7.229877, -28, 500, 0.20000, 0.20038
2170, 7.235624, -28, 500, 0.20000, 0.20074
2171, 7.240911, -28, 500, 0.20000, 0.20038
2172, 7.245417, -28, 500, 0.20000, 0.20038
2173, 7.251300, -28, 500, 0.20000, 0.19895
2174, 7.257237, -28, 500, 0.20000, 0.20110
2175, 7.262626, -28, 500, 0.20000, 0.20074
2176, 7.267165, -28, 500, 0.20000, 0.19967
2177, 7.271741, -28, 500, 0.20000, 0.19859
2178, 7.275905, -28, 500, 0.20000, 0.20218
2179, 7.281196, -28, 500, 0.20000, 0.19895
2180, 7.286688, -28, 500, 0.20000, 0.19931
2181, 7.290637, -28, 500, 0.20000, 0.20074
2182, 7.294961, -28, 500, 0.20000, 0.19967
2183, 7.300628, -28, 500, 0.20000, 0.20002
2184, 7.305722, -28, 500, 0.20000, 0.20038
2185, 7.311711, -28, 500, 0.20000, 0.19931
2186, 7.316472, -28, 500, 0.20000, 0.19032
2187, 7.320835, -28, 500, 0.20000, 0.19895
2188, 7.324802, -28, 500, 0.20000, 0.19967
2189, 7.329131, -28, 500, 0.20000, 0.20002
2190, 7.332943, -28, 500, 0.20000, 0.19895
2191, 7.336957, -28, 500, 0.20000, 0.19931
2192, 7.340895, -28, 500, 0.20000, 0.19967
2193, 7.344876, -28, 500, 0.20000, 0.20038
2194, 7.348809, -28, 500, 0.20000, 0.20002
2195, 7.352862, -28, 500, 0.20000, 0.19859
2196, 7.356492, -28, 500, 0.20000, 0.19823
2197, 7.360486, -28, 500, 0.20000, 0.20074
2198, 7.364341, -28, 500, 0.20000, 0.19967
2199, 7.368427, -28, 500, 0.20000, 0.20038
2200, 7.372638, -28, 500, 0.20000, 0.19895
2201, 7.376993, -28, 500, 0.20000, 0.20002
2202, 7.381149, -28, 500, 0.20000, 0.19391
2203, 7.385172, -28, 500, 0.20000, 0.19931
2204, 7.390626, -28, 500, 0.20000, 0.20254
2205, 7.396127, -28, 500, 0.20000, 0.20038
2206, 7.401810, -28, 500, 0.20000, 0.20074
2207, 7.405750, -28, 500, 0.20000, 0.20038
2208, 7.409407, -28, 500, 0.20000, 0.19967
2209, 7.414190, -28, 500, 0.20000, 0.20002
2210, 7.418946, -28, 500, 0.20000, 0.19931
2211, 7.423932, -28, 500, 0.20000, 0.20038
2212, 7.428729, -28, 500, 0.20000, 0.20038
2213, 7.433383, -28, 500, 0.20000, 0.19967
2214, 7.438286, -28, 500, 0.20000, 0.19967
2215, 7.443367, -28, 500, 0.20000, 0.20002
2216, 7.448365, -28, 500, 0.20000, 0.19931
2217, 7.453395, -28, 500, 0.20000, 0.20146
2218, 7.457908, -28, 500, 0.20000, 0.19931
2219, 7.462781, -28, 500, 0.20000, 0.20002
2220, 7.466928, -28, 500, 0.20000, 0.19787
2221, 7.471943, -28, 500, 0.20000, 0.20002
2222, 7.476694, -28, 500, 0.20000, 0.20254
2223, 7.481304, -28, 500, 0.20000, 0.19895
2224, 7.485446, -28, 500, 0.20000, 0.19931
2225, 7.489495, -28, 500, 0.20000, 0.19895
2226, 7.493665, -28, 500, 0.20000, 0.20578
2227, 7.498741, -28, 500, 0.20000, 0.20038
2228, 7.504871, -28, 500, 0.20000, 0.20362
2229, 7.510418, -28, 500, 0.20000, 0.19967
2230, 7.515798, -28, 500, 0.20000, 0.20110
2231, 7.520442, -28, 500, 0.20000, 0.20038
2232, 7.527123, -28, 500, 0.20000, 0.20038
2233, 7.531998, -28, 500, 0.20000, 0.19895
2234, 7.538728, -28, 500, 0.20000, 0.19967
2235, 7.544650, -28, 500, 0.20000, 0.20002
2236, 7.549842, -28, 500, 0.20000, 0.20002
2237, 7.555628, -28, 500, 0.20000, 0.20038
2238, 7.559730, -28, 500, 0.20000, 0.19967
2239, 7.563873, -28, 500, 0.20000, 0.19499
2240, 7.568628, -28, 500, 0.20000, 0.19895
2241, 7.572718, -28, 500, 0.20000, 0.19967
2242, 7.577145, -28, 500, 0.20000, 0.20074
2243, 7.581672, -28, 500, 0.20000, 0.19967
2244, 7.585361, -28, 500, 0.20000, 0.20038
2245, 7.589943, -28, 500, 0.20000, 0.20002
2246, 7.594475, -28, 500, 0.20000, 0.20074
2247, 7.598689, -28, 500, 0.20000, 0.19931
2248, 7.602930, -28, 500, 0.20000, 0.19751
2249, 7.608196, -28, 500, 0.20000, 0.20110
2250, 7.614379, -28, 500, 0.20000, 0.19895
2251, 7.619673, -28, 500, 0.20000, 0.19931
2252, 7.623832, -28, 500, 0.20000, 0.20002
2253, 7.628696, -28, 500, 0.20000, 0.20038
2254, 7.634141, -28, 500, 0.20000, 0.20074
2255, 7.639679, -28, 500, 0.20000, 0.20146
2256, 7.645199, -28, 500, 0.20000, 0.20038
2257, 7.651470, -28, 500, 0.20000, 0.19967
2258, 7.655762, -28, 500, 0.20000, 0.20038
2259, 7.659629, -28, 500, 0.20000, 0.20038
2260, 7.663965, -28, 500, 0.20000, 0.19967
2261, 7.667714, -28, 500, 0.20000, 0.20182
2262, 7.671717, -28, 500, 0.20000, 0.19967
2263, 7.675490, -28, 500, 0.20000, 0.19931
2264, 7.679768, -28, 500, 0.20000, 0.20002
2265, 7.684165, -28, 500, 0.20000, 0.19823
2266, 7.687997, -28, 500, 0.20000, 0.19931
2267, 7.692482, -28, 500, 0.20000, 0.20038
2268, 7.696745, -28, 500, 0.20000, 0.20290
2269, 7.700975, -28, 500, 0.20000, 0.19607
2270, 7.705299, -28, 500, 0.20000, 0.19140
2271, 7.710379, -28, 500, 0.20000, 0.20146
2272, 7.716431, -28, 500, 0.20000, 0.20038
2273, 7.723128, -28, 500, 0.20000, 0.19967
2274, 7.728132, -28, 500, 0.20000, 0.20038
2275, 7.733853, -28, 500, 0.20000, 0.19967
2276, 7.738675, -28, 500, 0.20000, 0.20002
2277, 7.743368, -28, 500, 0.20000, 0.20002
2278, 7.748988, -28, 500, 0.20000, 0.20254
2279, 7.753742, -28, 500, 0.20000, 0.19967
2280, 7.758237, -28, 500, 0.20000, 0.20074
2281, 7.762673, -28, 500, 0.20000, 0.20002
2282, 7.767237, -28, 500, 0.20000, 0.20398
2283, 7.772404, -28, 500, 0.20000, 0.20002
2284, 7.777694, -28, 500, 0.20000, 0.20074
2285, 7.782734, -28, 500, 0.20000, 0.20038
2286, 7.788190, -28, 500, 0.20000, 0.19967
2287, 7.793303, -28, 500, 0.20000, 0.20506
2288, 7.797833, -28, 500, 0.20000, 0.19859
2289, 7.802903, -28, 500, 0.20000, 0.19895
2290, 7.807983, -28, 500, 0.200