3, -30, 500, 0.00000, -0.00414
3378, 2.308883, -30, 500, 0.00000, 0.00053
3379, 2.312725, -30, 500, 0.00000, -0.00019
3380, 2.316907, -30, 500, 0.00000, 0.00017
3381, 2.321249, -30, 500, 0.00000, -0.00163
3382, 2.325492, -30, 500, 0.00000, -0.00163
3383, 2.329712, -30, 500, 0.00000, 0.00017
3384, 2.333651, -30, 500, 0.00000, 0.00089
3385, 2.337905, -30, 500, 0.00000, 0.00089
3386, 2.341995, -30, 500, 0.00000, -0.00127
3387, 2.346155, -30, 500, 0.00000, -0.00918
3388, 2.350179, -30, 500, 0.00000, 0.00340
3389, 2.354802, -30, 500, 0.00000, 0.00269
3390, 2.358980, -30, 500, 0.00000, -0.00019
3391, 2.363194, -30, 500, 0.00000, -0.00127
3392, 2.367621, -30, 500, 0.00000, -0.00163
3393, 2.371961, -30, 500, 0.00000, 0.00017
3394, 2.376403, -30, 500, 0.00000, -0.00091
3395, 2.380736, -30, 500, 0.00000, -0.00055
3396, 2.385881, -30, 500, 0.00000, -0.00091
3397, 2.390921, -30, 500, 0.00000, 0.00269
3398, 2.396234, -30, 500, 0.00000, -0.00091
3399, 2.401445, -30, 500, 0.00000, 0.00053
3400, 2.406310, -30, 500, 0.00000, 0.00233
3401, 2.411212, -30, 500, 0.00000, 0.00017
3402, 2.416407, -30, 500, 0.00000, 0.00484
3403, 2.421247, -30, 500, 0.00000, 0.00053
3404, 2.426403, -30, 500, 0.00000, -0.00019
3405, 2.431701, -30, 500, 0.00000, 0.00089
3406, 2.437409, -30, 500, 0.00000, -0.00091
3407, 2.443716, -30, 500, 0.00000, -0.00127
3408, 2.449876, -30, 500, 0.00000, 0.00053
3409, 2.454997, -30, 500, 0.00000, -0.00127
3410, 2.459405, -30, 500, 0.00000, 0.00017
3411, 2.465402, -30, 500, 0.00000, -0.00019
3412, 2.470918, -30, 500, 0.00000, -0.00055
3413, 2.476403, -30, 500, 0.00000, -0.00055
3414, 2.481676, -30, 500, 0.00000, -0.00055
3415, 2.486180, -30, 500, 0.00000, -0.00055
3416, 2.490683, -30, 500, 0.00000, -0.00127
3417, 2.495306, -30, 500, 0.00000, -0.00019
3418, 2.500628, -30, 500, 0.00000, 0.00017
3419, 2.505294, -30, 500, 0.00000, -0.00127
3420, 2.510225, -30, 500, 0.00000, -0.00199
3421, 2.515403, -30, 500, 0.00000, 0.00089
3422, 2.520494, -30, 500, 0.00000, 0.00053
3423, 2.524817, -30, 500, 0.00000, -0.00127
3424, 2.530201, -30, 500, 0.00000, 0.00017
3425, 2.535836, -30, 500, 0.00000, 0.00089
3426, 2.541780, -30, 500, 0.00000, -0.00091
3427, 2.547496, -30, 500, 0.00000, -0.00019
3428, 2.553306, -30, 500, 0.00000, -0.00091
3429, 2.558976, -30, 500, 0.00000, -0.00055
3430, 2.564872, -30, 500, 0.00000, 0.00125
3431, 2.569923, -30, 500, 0.00000, -0.00846
3432, 2.575403, -30, 500, 0.00000, -0.00019
3433, 2.580403, -30, 500, 0.00000, -0.00199
3434, 2.585702, -30, 500, 0.00000, 0.00053
3435, 2.590914, -30, 500, 0.00000, -0.00055
3436, 2.595466, -30, 500, 0.00000, -0.00019
3437, 2.599404, -30, 500, 0.00000, 0.00089
3438, 2.603897, -30, 500, 0.00000, 0.00089
3439, 2.608654, -30, 500, 0.00000, -0.00774
3440, 2.614930, -30, 500, 0.00000, -0.00019
3441, 2.620919, -30, 500, 0.00000, 0.00017
3442, 2.625785, -30, 500, 0.00000, -0.00307
3443, 2.629835, -30, 500, 0.00000, 0.00089
3444, 2.634220, -30, 500, 0.00000, 0.00017
3445, 2.639993, -30, 500, 0.00000, 0.00053
3446, 2.646140, -30, 500, 0.00000, 0.00017
3447, 2.651789, -30, 500, 0.00000, 0.00017
3448, 2.656909, -30, 500, 0.00000, 0.00161
3449, 2.662983, -30, 500, 0.00000, 0.00987
3450, 2.668760, -30, 500, 0.00000, -0.00199
3451, 2.674939, -30, 500, 0.00000, -0.00127
3452, 2.680687, -30, 500, 0.00000, 0.00017
3453, 2.685955, -30, 500, 0.00000, -0.00091
3454, 2.690624, -30, 500, 0.00000, 0.00484
3455, 2.694981, -30, 500, 0.00000, 0.00053
3456, 2.699404, -30, 500, 0.00000, 0.00053
3457, 2.704403, -30, 500, 0.00000, -0.00055
3458, 2.708467, -30, 500, 0.00000, -0.00055
3459, 2.712467, -30, 500, 0.00000, 0.00017
3460, 2.717700, -30, 500, 0.00000, 0.00089
3461, 2.722667, -30, 500, 0.00000, 0.00017
3462, 2.727633, -30, 500, 0.00000, 0.00233
3463, 2.732404, -30, 500, 0.00000, 0.00053
3464, 2.736966, -30, 500, 0.00000, -0.00055
3465, 2.741176, -30, 500, 0.00000, 0.00053
3466, 2.746716, -30, 500, 0.00000, 0.00125
3467, 2.751865, -30, 500, 0.00000, 0.00017
3468, 2.757408, -30, 500, 0.00000, -0.00019
3469, 2.762860, -30, 500, 0.00000, -0.00019
3470, 2.768144, -30, 500, 0.00000, -0.00019
3471, 2.774210, -30, 500, 0.00000, -0.00091
3472, 2.780919, -30, 500, 0.00000, 0.00017
3473, 2.785652, -30, 500, 0.00000, -0.00091
3474, 2.789677, -30, 500, 0.00000, 0.00233
3475, 2.793466, -30, 500, 0.00000, 0.00053
3476, 2.797465, -30, 500, 0.00000, -0.00019
3477, 2.801794, -30, 500, 0.00000, -0.00127
3478, 2.805900, -30, 500, 0.00000, -0.00199
3479, 2.809987, -30, 500, 0.00000, -0.00163
3480, 2.814165, -30, 500, 0.00000, 0.00412
3481, 2.818214, -30, 500, 0.00000, 0.00233
3482, 2.822274, -30, 500, 0.00000, 0.00197
3483, 2.826404, -30, 500, 0.00000, -0.00019
3484, 2.830900, -30, 500, 0.00000, -0.00019
3485, 2.834783, -30, 500, 0.00000, 0.00161
3486, 2.839629, -30, 500, 0.00000, -0.00055
3487, 2.844760, -30, 500, 0.00000, 0.00017
3488, 2.848926, -30, 500, 0.00000, -0.00882
3489, 2.853254, -30, 500, 0.00000, 0.00017
3490, 2.857935, -30, 500, 0.00000, -0.00199
3491, 2.863146, -30, 500, 0.00000, 0.00125
3492, 2.868404, -30, 500, 0.00000, -0.00055
3493, 2.874138, -30, 500, 0.00000, -0.00091
3494, 2.879825, -30, 500, 0.00000, -0.00055
3495, 2.883946, -30, 500, 0.00000, 0.00053
3496, 2.888878, -30, 500, 0.00000, -0.00055
3497, 2.894276, -30, 500, 0.00000, -0.00127
3498, 2.899403, -30, 500, 0.00000, -0.00127
3499, 2.904866, -30, 500, 0.00000, -0.00091
3500, 2.910146, -30, 500, 0.00000, -0.00019
3501, 2.916230, -30, 500, 0.00000, 0.00017
3502, 2.922692, -30, 500, 0.00000, -0.00019
3503, 2.927682, -30, 500, 0.00000, -0.00055
3504, 2.931796, -30, 500, 0.00000, 0.00161
3505, 2.936403, -30, 500, 0.00000, 0.00089
3506, 2.941160, -30, 500, 0.00000, -0.00235
3507, 2.946480, -30, 500, 0.00000, 0.00017
3508, 2.951972, -30, 500, 0.00000, 0.00053
3509, 2.957155, -30, 500, 0.00000, -0.00055
3510, 2.962698, -30, 500, 0.00000, 0.00197
3511, 2.968242, -30, 500, 0.00000, -0.00019
3512, 2.974224, -30, 500, 0.00000, -0.00199
3513, 2.980174, -30, 500, 0.00000, 0.00017
3514, 2.984213, -30, 500, 0.00000, 0.00053
3515, 2.988403, -30, 500, 0.00000, -0.00055
3516, 2.992808, -30, 500, 0.00000, -0.00019
3517, 2.996657, -30, 500, 0.00000, 0.00017
3518, 3.000718, -30, 500, 0.00000, -0.00954
3519, 3.004777, -30, 500, 0.20000, -0.00091
3520, 3.008811, -30, 500, 0.20000, -0.00019
3521, 3.012913, -30, 500, 0.20000, 0.01275
3522, 3.016994, -30, 500, 0.20000, 0.02533
3523, 3.020954, -30, 500, 0.20000, 0.04474
3524, 3.024964, -30, 500, 0.20000, 0.06631
3525, 3.028884, -30, 500, 0.20000, 0.08823
3526, 3.032938, -30, 500, 0.20000, 0.11268
3527, 3.036901, -30, 500, 0.20000, 0.13460
3528, 3.040814, -30, 500, 0.20000, 0.15545
3529, 3.044626, -30, 500, 0.20000, 0.17271
3530, 3.049752, -30, 500, 0.20000, 0.19607
3531, 3.055285, -30, 500, 0.20000, 0.20757
3532, 3.060656, -30, 500, 0.20000, 0.21800
3533, 3.065676, -30, 500, 0.20000, 0.23094
3534, 3.069404, -30, 500, 0.20000, 0.23058
3535, 3.073413, -30, 500, 0.20000, 0.22698
3536, 3.078710, -30, 500, 0.20000, 0.23130
3537, 3.084724, -30, 500, 0.20000, 0.22878
3538, 3.090737, -30, 500, 0.20000, 0.22231
3539, 3.094936, -30, 500, 0.20000, 0.21045
3540, 3.098929, -30, 500, 0.20000, 0.21584
3541, 3.103202, -30, 500, 0.20000, 0.20793
3542, 3.106967, -30, 500, 0.20000, 0.20578
3543, 3.110849, -30, 500, 0.20000, 0.20362
3544, 3.114804, -30, 500, 0.20000, 0.20146
3545, 3.118652, -30, 500, 0.20000, 0.19895
3546, 3.122466, -30, 500, 0.20000, 0.19643
3547, 3.126467, -30, 500, 0.20000, 0.19499
3548, 3.130494, -30, 500, 0.20000, 0.19212
3549, 3.135211, -30, 500, 0.20000, 0.19499
3550, 3.141409, -30, 500, 0.20000, 0.19571
3551, 3.146721, -30, 500, 0.20000, 0.19571
3552, 3.150700, -30, 500, 0.20000, 0.19463
3553, 3.154666, -30, 500, 0.20000, 0.19535
3554, 3.159426, -30, 500, 0.20000, 0.19643
3555, 3.164698, -30, 500, 0.20000, 0.19607
3556, 3.169889, -30, 500, 0.20000, 0.19463
3557, 3.174906, -30, 500, 0.20000, 0.19751
3558, 3.179403, -30, 500, 0.20000, 0.20218
3559, 3.183733, -30, 500, 0.20000, 0.20038
3560, 3.188754, -30, 500, 0.20000, 0.20002
3561, 3.193700, -30, 500, 0.20000, 0.20038
3562, 3.198774, -30, 500, 0.20000, 0.20146
3563, 3.205281, -30, 500, 0.20000, 0.20002
3564, 3.211404, -30, 500, 0.20000, 0.20398
3565, 3.216917, -30, 500, 0.20000, 0.20146
3566, 3.222403, -30, 500, 0.20000, 0.20002
3567, 3.228150, -30, 500, 0.20000, 0.20038
3568, 3.233486, -30, 500, 0.20000, 0.20074
3569, 3.237676, -30, 500, 0.20000, 0.20362
3570, 3.241730, -30, 500, 0.20000, 0.19967
3571, 3.245774, -30, 500, 0.20000, 0.20074
3572, 3.249676, -30, 500, 0.20000, 0.20146
3573, 3.253675, -30, 500, 0.20000, 0.20110
3574, 3.257648, -30, 500, 0.20000, 0.20326
3575, 3.261467, -30, 500, 0.20000, 0.20182
3576, 3.265653, -30, 500, 0.20000, 0.20326
3577, 3.270961, -30, 500, 0.20000, 0.20110
3578, 3.275642, -30, 500, 0.20000, 0.19967
3579, 3.280737, -30, 500, 0.20000, 0.20074
3580, 3.284479, -30, 500, 0.20000, 0.20002
3581, 3.288486, -30, 500, 0.20000, 0.20110
3582, 3.292715, -30, 500, 0.20000, 0.20182
3583, 3.297415, -30, 500, 0.20000, 0.20002
3584, 3.303231, -30, 500, 0.20000, 0.19679
3585, 3.309224, -30, 500, 0.20000, 0.19895
3586, 3.313479, -30, 500, 0.20000, 0.19931
3587, 3.317470, -30, 500, 0.20000, 0.19931
3588, 3.321676, -30, 500, 0.20000, 0.19967
3589, 3.325756, -30, 500, 0.20000, 0.20146
3590, 3.329977, -30, 500, 0.20000, 0.19967
3591, 3.334186, -30, 500, 0.20000, 0.20002
3592, 3.337981, -30, 500, 0.20000, 0.19571
3593, 3.341902, -30, 500, 0.20000, 0.19895
3594, 3.345963, -30, 500, 0.20000, 0.19967
3595, 3.350178, -30, 500, 0.20000, 0.19895
3596, 3.354304, -30, 500, 0.20000, 0.19931
3597, 3.358402, -30, 500, 0.20000, 0.19751
3598, 3.362298, -30, 500, 0.20000, 0.19715
3599, 3.366403, -30, 500, 0.20000, 0.20182
3600, 3.370402, -30, 500, 0.20000, 0.20002
3601, 3.374224, -30, 500, 0.20000, 0.19931
3602, 3.378870, -30, 500, 0.20000, 0.20038
3603, 3.383654, -30, 500, 0.20000, 0.20002
3604, 3.387484, -30, 500, 0.20000, 0.20074
3605, 3.392308, -30, 500, 0.20000, 0.19607
3606, 3.397699, -30, 500, 0.20000, 0.19931
3607, 3.401740, -30, 500, 0.20000, 0.20038
3608, 3.405963, -30, 500, 0.20000, 0.19967
3609, 3.411448, -30, 500, 0.20000, 0.20074
3610, 3.416404, -30, 500, 0.20000, 0.19967
3611, 3.421254, -30, 500, 0.20000, 0.19931
3612, 3.426632, -30, 500, 0.20000, 0.19787
3613, 3.431635, -30, 500, 0.20000, 0.20218
3614, 3.436403, -30, 500, 0.20000, 0.20002
3615, 3.441829, -30, 500, 0.20000, 0.19895
3616, 3.446938, -30, 500, 0.20000, 0.19931
3617, 3.452838, -30, 500, 0.20000, 0.19967
3618, 3.458169, -30, 500, 0.20000, 0.19931
3619, 3.462210, -30, 500, 0.20000, 0.20038
3620, 3.465845, -30, 500, 0.20000, 0.20146
3621, 3.469676, -30, 500, 0.20000, 0.19967
3622, 3.473668, -30, 500, 0.20000, 0.19895
3623, 3.477409, -30, 500, 0.20000, 0.19751
3624, 3.481403, -30, 500, 0.20000, 0.19895
3625, 3.485466, -30, 500, 0.20000, 0.19895
3626, 3.489823, -30, 500, 0.20000, 0.19823
3627, 3.495466, -30, 500, 0.20000, 0.19751
3628, 3.499487, -30, 500, 0.20000, 0.20002
3629, 3.503467, -30, 500, 0.20000, 0.20038
3630, 3.507464, -30, 500, 0.20000, 0.20074
3631, 3.511479, -30, 500, 0.20000, 0.20002
3632, 3.516137, -30, 500, 0.20000, 0.19967
3633, 3.522213, -30, 500, 0.20000, 0.20074
3634, 3.527841, -30, 500, 0.20000, 0.20002
3635, 3.533147, -30, 500, 0.20000, 0.19895
3636, 3.537237, -30, 500, 0.20000, 0.19967
3637, 3.541160, -30, 500, 0.20000, 0.19895
3638, 3.545466, -30, 500, 0.20000, 0.19967
3639, 3.549759, -30, 500, 0.20000, 0.20074
3640, 3.553466, -30, 500, 0.20000, 0.19895
3641, 3.557478, -30, 500, 0.20000, 0.19787
3642, 3.561655, -30, 500, 0.20000, 0.19967
3643, 3.565735, -30, 500, 0.20000, 0.19859
3644, 3.569746, -30, 500, 0.20000, 0.19787
3645, 3.573765, -30, 500, 0.20000, 0.20074
3646, 3.577761, -30, 500, 0.20000, 0.19931
3647, 3.581656, -30, 500, 0.20000, 0.19967
3648, 3.585900, -30, 500, 0.20000, 0.20326
3649, 3.590184, -30, 500, 0.20000, 0.19931
3650, 3.594146, -30, 500, 0.20000, 0.20038
3651, 3.597955, -30, 500, 0.20000, 0.19967
3652, 3.603201, -30, 500, 0.20000, 0.19859
3653, 3.607297, -30, 500, 0.20000, 0.20110
3654, 3.612738, -30, 500, 0.20000, 0.19967
3655, 3.618187, -30, 500, 0.20000, 0.20002
3656, 3.622669, -30, 500, 0.20000, 0.19931
3657, 3.628160, -30, 500, 0.20000, 0.20038
3658, 3.633986, -30, 500, 0.20000, 0.19931
3659, 3.639914, -30, 500, 0.20000, 0.19895
3660, 3.644496, -30, 500, 0.20000, 0.20002
3661, 3.648403, -30, 500, 0.20000, 0.19931
3662, 3.652623, -30, 500, 0.20000, 0.20002
3663, 3.656677, -30, 500, 0.20000, 0.19859
3664, 3.660644, -30, 500, 0.20000, 0.19931
3665, 3.664637, -30, 500, 0.20000, 0.20110
3666, 3.668467, -30, 500, 0.20000, 0.19931
3667, 3.672469, -30, 500, 0.20000, 0.19967
3668, 3.676466, -30, 500, 0.20000, 0.20254
3669, 3.680763, -30, 500, 0.20000, 0.20110
3670, 3.684462, -30, 500, 0.20000, 0.20218
3671, 3.688403, -30, 500, 0.20000, 0.20074
3672, 3.692403, -30, 500, 0.20000, 0.19967
3673, 3.696486, -30, 500, 0.20000, 0.20146
3674, 3.700653, -30, 500, 0.20000, 0.20326
3675, 3.704739, -30, 500, 0.20000, 0.20002
3676, 3.710151, -30, 500, 0.20000, 0.19967
3677, 3.715712, -30, 500, 0.20000, 0.20002
3678, 3.721671, -30, 500, 0.20000, 0.20110
3679, 3.727174, -30, 500, 0.20000, 0.20254
3680, 3.731938, -30, 500, 0.20000, 0.20182
3681, 3.736165, -30, 500, 0.20000, 0.19967
3682, 3.741403, -30, 500, 0.20000, 0.20074
3683, 3.746842, -30, 500, 0.20000, 0.19931
3684, 3.752908, -30, 500, 0.20000, 0.19823
3685, 3.759164, -30, 500, 0.20000, 0.19967
3686, 3.764165, -30, 500, 0.20000, 0.20146
3687, 3.768855, -30, 500, 0.20000, 0.19931
3688, 3.773700, -30, 500, 0.20000, 0.20002
3689, 3.778701, -30, 500, 0.20000, 0.20002
3690, 3.784149, -30, 500, 0.20000, 0.19859
3691, 3.788823, -30, 500, 0.20000, 0.19967
3692, 3.793701, -30, 500, 0.20000, 0.19967
3693, 3.798856, -30, 500, 0.20000, 0.20074
3694, 3.803816, -30, 500, 0.20000, 0.20685
3695, 3.808758, -30, 500, 0.20000, 0.20002
3696, 3.812757, -30, 500, 0.20000, 0.20254
3697, 3.816669, -30, 500, 0.20000, 0.20038
3698, 3.821479, -30, 500, 0.20000, 0.20074
3699, 3.826727, -30, 500, 0.20000, 0.19967
3700, 3.832403, -30, 500, 0.20000, 0.20074
3701, 3.837676, -30, 500, 0.20000, 0.19967
3702, 3.841972, -30, 500, 0.20000, 0.19823
3703, 3.846237, -30, 500, 0.20000, 0.20038
3704, 3.851241, -30, 500, 0.20000, 0.20614
3705, 3.856701, -30, 500, 0.20000, 0.19931
3706, 3.861926, -30, 500, 0.20000, 0.19931
3707, 3.866872, -30, 500, 0.20000, 0.19607
3708, 3.871872, -30, 500, 0.20000, 0.20002
3709, 3.876883, -30, 500, 0.20000, 0.19967
3710, 3.881942, -30, 500, 0.20000, 0.19068
3711, 3.887163, -30, 500, 0.20000, 0.20038
3712, 3.892834, -30, 500, 0.20000, 0.19967
3713, 3.898406, -30, 500, 0.20000, 0.20002
3714, 3.903842, -30, 500, 0.20000, 0.19931
3715, 3.908150, -30, 500, 0.20000, 0.19895
3716, 3.911985, -30, 500, 0.20000, 0.20002
3717, 3.917403, -30, 500, 0.20000, 0.19967
3718, 3.921701, -30, 500, 0.20000, 0.20074
3719, 3.926125, -30, 500, 0.20000, 0.20038
3720, 3.929933, -30, 500, 0.20000, 0.19643
3721, 3.934214, -30, 500, 0.20000, 0.19967
3722, 3.937983, -30, 500, 0.20000, 0.20038
3723, 3.941990, -30, 500, 0.20000, 0.20002
3724, 3.945903, -30, 500, 0.20000, 0.19895
3725, 3.949858, -30, 500, 0.20000, 0.19931
3726, 3.953967, -30, 500, 0.20000, 0.19931
3727, 3.958842, -30, 500, 0.20000, 0.19931
3728, 3.964404, -30, 500, 0.20000, 0.19895
3729, 3.969919, -30, 500, 0.20000, 0.19967
3730, 3.976409, -30, 500, 0.20000, 0.20002
3731, 3.981125, -30, 500, 0.20000, 0.20002
3732, 3.985164, -30, 500, 0.20000, 0.20110
3733, 3.989217, -30, 500, 0.20000, 0.19895
3734, 3.993167, -30, 500, 0.20000, 0.20110
3735, 3.997403, -30, 500, 0.20000, 0.20074
3736, 4.001217, -30, 500, 0.20000, 0.20326
3737, 4.004948, -30, 500, 0.00000, 0.19931
3738, 4.008995, -30, 500, 0.00000, 0.19823
3739, 4.012868, -30, 500, 0.00000, 0.18601
3740, 4.017153, -30, 500, 0.00000, 0.16516
3741, 4.021318, -30, 500, 0.00000, 0.15545
3742, 4.026149, -30, 500, 0.00000, 0.12634
3743, 4.031327, -30, 500, 0.00000, 0.10046
3744, 4.035191, -30, 500, 0.00000, 0.07062
3745, 4.038903, -30, 500, 0.00000, 0.05445
3746, 4.042676, -30, 500, 0.00000, 0.03324
3747, 4.046468, -30, 500, 0.00000, 0.01491
3748, 4.050488, -30, 500, 0.00000, 0.00448
3749, 4.054872, -30, 500, 0.00000, -0.01241
3750, 4.060703, -30, 500, 0.00000, -0.02823
3751, 4.066404, -30, 500, 0.00000, -0.03038
3752, 4.070686, -30, 500, 0.00000, -0.03110
3753, 4.074714, -30, 500, 0.00000, -0.03506
3754, 4.078671, -30, 500, 0.00000, -0.03254
3755, 4.082799, -30, 500, 0.00000, -0.02895
3756, 4.086840, -30, 500, 0.00000, -0.02607
3757, 4.090764, -30, 500, 0.00000, -0.02176
3758, 4.095151, -30, 500, 0.00000, -0.01852
3759, 4.099176, -30, 500, 0.00000, -0.01205
3760, 4.103654, -30, 500, 0.00000, -0.01277
3761, 4.107823, -30, 500, 0.00000, -0.00774
3762, 4.111931, -30, 500, 0.00000, -0.00846
3763, 4.115960, -30, 500, 0.00000, -0.00055
3764, 4.120146, -30, 500, 0.00000, 0.00161
3765, 4.124169, -30, 500, 0.00000, 0.00448
3766, 4.128243, -30, 500, 0.00000, 0.00304
3767, 4.132218, -30, 500, 0.00000, 0.00412
3768, 4.137648, -30, 500, 0.00000, 0.00520
3769, 4.143139, -30, 500, 0.00000, 0.00376
3770, 4.148937, -30, 500, 0.00000, 0.00556
3771, 4.154639, -30, 500, 0.00000, 0.00412
3772, 4.158675, -30, 500, 0.00000, 0.00376
3773, 4.162491, -30, 500, 0.00000, 0.00269
3774, 4.168242, -30, 500, 0.00000, 0.00448
3775, 4.174207, -30, 500, 0.00000, 0.00017
3776, 4.179709, -30, 500, 0.00000, -0.00019
3777, 4.183466, -30, 500, 0.00000, 0.00017
3778, 4.187657, -30, 500, 0.00000, -0.00127
3779, 4.191772, -30, 500, 0.00000, -0.00127
3780, 4.195832, -30, 500, 0.00000, -0.00235
3781, 4.199721, -30, 500, 0.00000, -0.00199
3782, 4.203654, -30, 500, 0.00000, 0.00412
3783, 4.207467, -30, 500, 0.00000, -0.00163
3784, 4.211675, -30, 500, 0.00000, -0.00127
3785, 4.215850, -30, 500, 0.00000, 0.00484
3786, 4.219677, -30, 500, 0.00000, 0.00125
3787, 4.223653, -30, 500, 0.00000, -0.00954
3788, 4.227676, -30, 500, 0.00000, 0.00197
3789, 4.231779, -30, 500, 0.00000, -0.00055
3790, 4.235779, -30, 500, 0.00000, 0.00017
3791, 4.239930, -30, 500, 0.00000, 0.00017
3792, 4.244404, -30, 500, 0.00000, -0.00055
3793, 4.250169, -30, 500, 0.00000, 0.00017
3794, 4.255404, -30, 500, 0.00000, -0.00055
3795, 4.261157, -30, 500, 0.00000, 0.00376
3796, 4.265639, -30, 500, 0.00000, -0.00127
3797, 4.270213, -30, 500, 0.00000, -0.00055
3798, 4.274812, -30, 500, 0.00000, -0.00414
3799, 4.278996, -30, 500, 0.00000, -0.00091
3800, 4.283327, -30, 500, 0.00000, 0.00053
3801, 4.287470, -30, 500, 0.00000, 0.00161
3802, 4.291967, -30, 500, 0.00000, -0.00414
3803, 4.296179, -30, 500, 0.00000, 0.00017
3804, 4.300222, -30, 500, 0.00000, 0.00089
3805, 4.304147, -30, 500, 0.00000, -0.00055
3806, 4.308472, -30, 500, 0.00000, 0.00053
3807, 4.312475, -30, 500, 0.00000, 0.00017
3808, 4.316747, -30, 500, 0.00000, 0.00089
3809, 4.321147, -30, 500, 0.00000, -0.00019
3810, 4.325146, -30, 500, 0.00000, 0.00017
3811, 4.329232, -30, 500, 0.00000, -0.00019
3812, 4.333475, -30, 500, 0.00000, -0.00055
3813, 4.337719, -30, 500, 0.00000, -0.00127
3814, 4.341957, -30, 500, 0.00000, -0.00127
3815, 4.346224, -30, 500, 0.00000, -0.00486
3816, 4.350194, -30, 500, 0.00000, -0.00091
3817, 4.354403, -30, 500, 0.00000, -0.00163
3818, 4.358674, -30, 500, 0.00000, -0.00055
3819, 4.362672, -30, 500, 0.00000, 0.00053
3820, 4.366656, -30, 500, 0.00000, 0.00053
3821, 4.370732, -30, 500, 0.00000, 0.00520
3822, 4.374903, -30, 500, 0.00000, -0.00199
3823, 4.379245, -30, 500, 0.00000, -0.00019
3824, 4.383267, -30, 500, 0.00000, 0.00053
3825, 4.387484, -30, 500, 0.00000, -0.00055
3826, 4.391790, -30, 500, 0.00000, -0.00091
3827, 4.396157, -30, 500, 0.00000, 0.00197
3828, 4.399996, -30, 500, 0.00000, -0.00091
3829, 4.404157, -30, 500, 0.00000, 0.00017
3830, 4.408143, -30, 500, 0.00000, -0.00199
3831, 4.412657, -30, 500, 0.00000, 0.00017
3832, 4.416655, -30, 500, 0.00000, -0.00091
3833, 4.420811, -30, 500, 0.00000, -0.00055
3834, 4.424958, -30, 500, 0.00000, -0.00163
3835, 4.428994, -30, 500, 0.00000, 0.00089
3836, 4.433402, -30, 500, 0.00000, -0.00091
3837, 4.437470, -30, 500, 0.00000, -0.00019
3838, 4.441676, -30, 500, 0.00000, -0.00055
3839, 4.445981, -30, 500, 0.00000, -0.00055
3840, 4.450676, -30, 500, 0.00000, 0.00304
3841, 4.454843, -30, 500, 0.00000, 0.00017
3842, 4.458957, -30, 500, 0.00000, 0.00412
3843, 4.463166, -30, 500, 0.00000, 0.00017
3844, 4.467323, -30, 500, 0.00000, 0.00017
3845, 4.471469, -30, 500, 0.00000, -0.00055
3846, 4.475867, -30, 500, 0.00000, 0.00053
3847, 4.479781, -30, 500, 0.00000, -0.00091
3848, 4.483810, -30, 500, 0.00000, 0.00017
3849, 4.487703, -30, 500, 0.00000, -0.00199
3850, 4.491665, -30, 500, 0.00000, 0.00233
3851, 4.495742, -30, 500, 0.00000, 0.00017
3852, 4.499787, -30, 500, 0.00000, -0.00558
3853, 4.503738, -30, 500, 0.00000, -0.00055
3854, 4.507469, -30, 500, 0.00000, 0.00017
3855, 4.511643, -30, 500, 0.00000, -0.00666
3856, 4.515785, -30, 500, 0.00000, 0.00089
3857, 4.519649, -30, 500, 0.00000, -0.00091
3858, 4.523731, -30, 500, 0.00000, -0.00163
3859, 4.527707, -30, 500, 0.00000, 0.00053
3860, 4.531675, -30, 500, 0.00000, -0.00019
3861, 4.535496, -30, 500, 0.00000, -0.00199
3862, 4.540163, -30, 500, 0.00000, -0.00091
3863, 4.544402, -30, 500, 0.00000, 0.00089
3864, 4.548475, -30, 500, 0.00000, -0.00019
3865, 4.552658, -30, 500, 0.00000, -0.00055
3866, 4.556466, -30, 500, 0.00000, 0.00053
3867, 4.560466, -30, 500, 0.00000, 0.00053
3868, 4.564469, -30, 500, 0.00000, 0.00089
3869, 4.568403, -30, 500, 0.00000, -0.00019
3870, 4.572880, -30, 500, 0.00000, -0.00019
3871, 4.577209, -30, 500, 0.00000, -0.00091
3872, 4.581491, -30, 500, 0.00000, -0.00379
3873, 4.585679, -30, 500, 0.00000, -0.00199
3874, 4.590420, -30, 500, 0.00000, -0.00019
3875, 4.596402, -30, 500, 0.00000, -0.00307
3876, 4.600723, -30, 500, 0.00000, 0.00376
3877, 4.604678, -30, 500, 0.00000, 0.00125
3878, 4.608759, -30, 500, 0.00000, 0.00017
3879, 4.612751, -30, 500, 0.00000, 0.00089
3880, 4.616671, -30, 500, 0.00000, -0.00019
3881, 4.621685, -30, 500, 0.00000, 0.00017
3882, 4.627403, -30, 500, 0.00000, -0.00019
3883, 4.632868, -30, 500, 0.00000, -0.00019
3884, 4.638481, -30, 500, 0.00000, -0.00199
3885, 4.644126, -30, 500, 0.00000, -0.00055
3886, 4.649869, -30, 500, 0.00000, 0.00053
3887, 4.654856, -30, 500, 0.00000, 0.00017
3888, 4.660402, -30, 500, 0.00000, -0.00127
3889, 4.666403, -30, 500, 0.00000, 0.00161
3890, 4.671960, -30, 500, 0.00000, 0.00017
3891, 4.677287, -30, 500, 0.00000, -0.00594
3892, 4.682181, -30, 500, 0.00000, 0.00017
3893, 4.686123, -30, 500, 0.00000, 0.00017
3894, 4.690148, -30, 500, 0.00000, -0.00127
3895, 4.694864, -30, 500, 0.00000, -0.00199
3896, 4.700219, -30, 500, 0.00000, 0.00125
3897, 4.705481, -30, 500, 0.00000, -0.00127
3898, 4.710200, -30, 500, 0.00000, 0.00017
3899, 4.714849, -30, 500, 0.00000, 0.00233
3900, 4.719902, -30, 500, 0.00000, 0.00017
3901, 4.724665, -30, 500, 0.00000, -0.00055
3902, 4.728757, -30, 500, 0.00000, -0.00019
3903, 4.733283, -30, 500, 0.00000, 0.00017
3904, 4.739202, -30, 500, 0.00000, -0.00091
3905, 4.744404, -30, 500, 0.00000, -0.00055
3906, 4.750402, -30, 500, 0.00000, 0.00017
3907, 4.754486, -30, 500, 0.00000, 0.00017
3908, 4.758652, -30, 500, 0.00000, -0.00307
3909, 4.762659, -30, 500, 0.00000, -0.00019
3910, 4.766655, -30, 500, 0.00000, -0.00055
3911, 4.770724, -30, 500, 0.00000, 0.00053
3912, 4.774962, -30, 500, 0.00000, -0.00055
3913, 4.778928, -30, 500, 0.00000, -0.00163
3914, 4.783176, -30, 500, 0.00000, -0.00091
3915, 4.786928, -30, 500, 0.00000, -0.00019
3916, 4.791675, -30, 500, 0.00000, -0.00019
3917, 4.795669, -30, 500, 0.00000, 0.00125
3918, 4.801157, -30, 500, 0.00000, 0.00376
3919, 4.806304, -30, 500, 0.00000, 0.00089
3920, 4.812419, -30, 500, 0.00000, -0.00019
3921, 4.817720, -30, 500, 0.00000, -0.00163
3922, 4.821965, -30, 500, 0.00000, -0.00019
3923, 4.826403, -30, 500, 0.00000, -0.00055
3924, 4.830175, -30, 500, 0.00000, 0.00161
3925, 4.834165, -30, 500, 0.00000, -0.00019
3926, 4.838212, -30, 500, 0.00000, -0.00522
3927, 4.842151, -30, 500, 0.00000, 0.00053
3928, 4.847979, -30, 500, 0.00000, 0.00053
3929, 4.853736, -30, 500, 0.00000, -0.00019
3930, 4.858965, -30, 500, 0.00000, -0.00055
3931, 4.863215, -30, 500, 0.00000, 0.00053
3932, 4.867152, -30, 500, 0.00000, -0.00055
3933, 4.871469, -30, 500, 0.00000, 0.00161
3934, 4.875305, -30, 500, 0.00000, -0.00019
3935, 4.879237, -30, 500, 0.00000, 0.00053
3936, 4.882900, -30, 500, 0.00000, 0.00125
3937, 4.886933, -30, 500, 0.00000, 0.00017
3938, 4.890930, -30, 500, 0.00000, -0.00055
3939, 4.894954, -30, 500, 0.00000, -0.00055
3940, 4.898883, -30, 500, 0.00000, 0.00017
3941, 4.902740, -30, 500, 0.00000, -0.00055
3942, 4.907402, -30, 500, 0.00000, 0.00125
3943, 4.912785, -30, 500, 0.00000, 0.00125
3944, 4.917408, -30, 500, 0.00000, -0.00019
3945, 4.922669, -30, 500, 0.00000, -0.00019
3946, 4.928676, -30, 500, 0.00000, 0.00017
3947, 4.932482, -30, 500, 0.00000, 0.00161
3948, 4.936465, -30, 500, 0.00000, 0.00017
3949, 4.941646, -30, 500, 0.00000, 0.00017
3950, 4.947234, -30, 500, 0.00000, 0.00233
3951, 4.950987, -30, 500, 0.00000, -0.00199
3952, 4.955166, -30, 500, 0.00000, -0.00271
3953, 4.959174, -30, 500, 0.00000, -0.00271
3954, 4.963190, -30, 500, 0.00000, 0.00161
3955, 4.966844, -30, 500, 0.00000, -0.00199
3956, 4.970983, -30, 500, 0.00000, -0.00019
3957, 4.974982, -30, 500, 0.00000, 0.00197
3958, 4.978983, -30, 500, 0.00000, 0.00017
3959, 4.983175, -30, 500, 0.00000, 0.00017
3960, 4.986933, -30, 500, 0.00000, -0.00307
3961, 4.991189, -30, 500, 0.00000, -0.00091
3962, 4.995287, -30, 500, 0.00000, -0.00127
3963, 4.999306, -30, 500, 0.00000, -0.00019
3964, 5.002983, -30, 500, 0.00000, -0.00055
3965, 5.007194, -30, 500, 0.20000, -0.00235
3966, 5.011165, -30, 500, 0.20000, 0.00053
3967, 5.014996, -30, 500, 0.20000, 0.00772
3968, 5.020423, -30, 500, 0.20000, 0.02030
3969, 5.025200, -30, 500, 0.20000, 0.05409
3970, 5.029653, -30, 500, 0.20000, 0.07637
3971, 5.034967, -30, 500, 0.20000, 0.11088
3972, 5.038911, -30, 500, 0.20000, 0.12813
3973, 5.042981, -30, 500, 0.20000, 0.15330
3974, 5.047998, -30, 500, 0.20000, 0.17666
3975, 5.053965, -30, 500, 0.20000, 0.20038
3976, 5.059655, -30, 500, 0.20000, 0.21584
3977, 5.063700, -30, 500, 0.20000, 0.22447
3978, 5.067648, -30, 500, 0.20000, 0.22842
3979, 5.071464, -30, 500, 0.20000, 0.23058
3980, 5.075675, -30, 500, 0.20000, 0.23166
3981, 5.080864, -30, 500, 0.20000, 0.23274
3982, 5.086127, -30, 500, 0.20000, 0.22878
3983, 5.091146, -30, 500, 0.20000, 0.22339
3984, 5.095931, -30, 500, 0.20000, 0.21944
3985, 5.101405, -30, 500, 0.20000, 0.20937
3986, 5.105474, -30, 500, 0.20000, 0.20937
3987, 5.109900, -30, 500, 0.20000, 0.20578
3988, 5.114147, -30, 500, 0.20000, 0.20254
3989, 5.118249, -30, 500, 0.20000, 0.20038
3990, 5.122288, -30, 500, 0.20000, 0.19679
3991, 5.126235, -30, 500, 0.20000, 0.19715
3992, 5.130203, -30, 500, 0.20000, 0.19643
3993, 5.134467, -30, 500, 0.20000, 0.19535
3994, 5.138688, -30, 500, 0.20000, 0.19463
3995, 5.142920, -30, 500, 0.20000, 0.19320
3996, 5.146957, -30, 500, 0.20000, 0.19355
3997, 5.151144, -30, 500, 0.20000, 0.19212
3998, 5.155293, -30, 500, 0.20000, 0.19427
3999, 5.159652, -30, 500, 0.20000, 0.19535
4000, 5.163655, -30, 500, 0.20000, 0.20434
4001, 5.167750, -30, 500, 0.20000, 0.19643
4002, 5.171728, -30, 500, 0.20000, 0.19571
4003, 5.175722, -30, 500, 0.20000, 0.19643
4004, 5.179791, -30, 500, 0.20000, 0.19859
4005, 5.183728, -30, 500, 0.20000, 0.19679
4006, 5.187822, -30, 500, 0.20000, 0.20146
4007, 5.191468, -30, 500, 0.20000, 0.19607
4008, 5.195699, -30, 500, 0.20000, 0.20146
4009, 5.199482, -30, 500, 0.20000, 0.20326
4010, 5.203403, -30, 500, 0.20000, 0.20829
4011, 5.207482, -30, 500, 0.20000, 0.20110
4012, 5.211715, -30, 500, 0.20000, 0.20182
4013, 5.215675, -30, 500, 0.20000, 0.20146
4014, 5.219725, -30, 500, 0.20000, 0.20290
4015, 5.223403, -30, 500, 0.20000, 0.20110
4016, 5.227457, -30, 500, 0.20000, 0.20254
4017, 5.231467, -30, 500, 0.20000, 0.20146
4018, 5.235681, -30, 500, 0.20000, 0.20146
4019, 5.239762, -30, 500, 0.20000, 0.20038
4020, 5.243919, -30, 500, 0.20000, 0.20182
4021, 5.247943, -30, 500, 0.20000, 0.20290
4022, 5.252175, -30, 500, 0.20000, 0.20074
4023, 5.257200, -30, 500, 0.20000, 0.20038
4024, 5.261176, -30, 500, 0.20000, 0.19967
4025, 5.265193, -30, 500, 0.20000, 0.20146
4026, 5.269221, -30, 500, 0.20000, 0.20146
4027, 5.273192, -30, 500, 0.20000, 0.20002
4028, 5.276910, -30, 500, 0.20000, 0.19571
4029, 5.280988, -30, 500, 0.20000, 0.19967
4030, 5.285229, -30, 500, 0.20000, 0.20002
4031, 5.289265, -30, 500, 0.20000, 0.19967
4032, 5.293403, -30, 500, 0.20000, 0.19967
4033, 5.297813, -30, 500, 0.20000, 0.20002
4034, 5.301474, -30, 500, 0.20000, 0.20038
4035, 5.305402, -30, 500, 0.20000, 0.19787
4036, 5.309470, -30, 500, 0.20000, 0.19967
4037, 5.313676, -30, 500, 0.20000, 0.20038
4038, 5.317828, -30, 500, 0.20000, 0.19895
4039, 5.322127, -30, 500, 0.20000, 0.19823
4040, 5.326193, -30, 500, 0.20000, 0.19823
4041, 5.330303, -30, 500, 0.20000, 0.20038
4042, 5.334260, -30, 500, 0.20000, 0.20038
4043, 5.338175, -30, 500, 0.20000, 0.19967
4044, 5.342175, -30, 500, 0.20000, 0.19931
4045, 5.346175, -30, 500, 0.20000, 0.20002
4046, 5.349882, -30, 500, 0.20000, 0.20002
4047, 5.354176, -30, 500, 0.20000, 0.20002
4048, 5.358239, -30, 500, 0.20000, 0.19967
4049, 5.362902, -30, 500, 0.20000, 0.19967
4050, 5.368862, -30, 500, 0.20000, 0.20002
4051, 5.372847, -30, 500, 0.20000, 0.20110
4052, 5.376677, -30, 500, 0.20000, 0.20038
4053, 5.380466, -30, 500, 0.20000, 0.20002
4054, 5.384464, -30, 500, 0.20000, 0.20002
4055, 5.388466, -30, 500, 0.20000, 0.19895
4056, 5.393142, -30, 500, 0.20000, 0.20074
4057, 5.399659, -30, 500, 0.20000, 0.20002
4058, 5.406652, -30, 500, 0.20000, 0.20002
4059, 5.412318, -30, 500, 0.20000, 0.19931
4060, 5.416191, -30, 500, 0.20000, 0.19931
4061, 5.420157, -30, 500, 0.20000, 0.20110
4062, 5.423791, -30, 500, 0.20000, 0.20038
4063, 5.427731, -30, 500, 0.20000, 0.19895
4064, 5.431750, -30, 500, 0.20000, 0.20074
4065, 5.435467, -30, 500, 0.20000, 0.19931
4066, 5.439655, -30, 500, 0.20000, 0.20254
4067, 5.443655, -30, 500, 0.20000, 0.20829
4068, 5.447918, -30, 500, 0.20000, 0.19967
4069, 5.452175, -30, 500, 0.20000, 0.19967
4070, 5.456476, -30, 500, 0.20000, 0.19931
4071, 5.461655, -30, 500, 0.20000, 0.20182
4072, 5.467683, -30, 500, 0.20000, 0.19967
4073, 5.472925, -30, 500, 0.20000, 0.19931
4074, 5.479414, -30, 500, 0.20000, 0.19967
4075, 5.485134, -30, 500, 0.20000, 0.20110
4076, 5.490403, -30, 500, 0.20000, 0.19931
4077, 5.495238, -30, 500, 0.20000, 0.20038
4078, 5.499220, -30, 500, 0.20000, 0.19751
4079, 5.503175, -30, 500, 0.20000, 0.19895
4080, 5.509409, -30, 500, 0.20000, 0.18852
4081, 5.514916, -30, 500, 0.20000, 0.19931
4082, 5.519870, -30, 500, 0.20000, 0.19859
4083, 5.523899, -30, 500, 0.20000, 0.19895
4084, 5.528171, -30, 500, 0.20000, 0.19967
4085, 5.531940, -30, 500, 0.20000, 0.18708
4086, 5.535794, -30, 500, 0.20000, 0.19931
4087, 5.539734, -30, 500, 0.20000, 0.19931
4088, 5.543743, -30, 500, 0.20000, 0.19931
4089, 5.547469, -30, 500, 0.20000, 0.20110
4090, 5.551301, -30, 500, 0.20000, 0.19859
4091, 5.554940, -30, 500, 0.20000, 0.19931
4092, 5.558722, -30, 500, 0.20000, 0.19895
4093, 5.562656, -30, 500, 0.20000, 0.20542
4094, 5.566467, -30, 500, 0.20000, 0.20002
4095, 5.571740, -30, 500, 0.20000, 0.19823
4096, 5.576912, -30, 500, 0.20000, 0.19967
4097, 5.582770, -30, 500, 0.20000, 0.20038
4098, 5.588403, -30, 500, 0.20000, 0.19787
4099, 5.592964, -30, 500, 0.20000, 0.19931
4100, 5.597169, -30, 500, 0.20000, 0.19967
4101, 5.602214, -30, 500, 0.20000, 0.20002
4102, 5.607769, -30, 500, 0.20000, 0.20074
4103, 5.612966, -30, 500, 0.20000, 0.20038
4104, 5.618403, -30, 500, 0.20000, 0.19967
4105, 5.624276, -30, 500, 0.20000, 0.19895
4106, 5.629854, -30, 500, 0.20000, 0.20002
4107, 5.635442, -30, 500, 0.20000, 0.20362
4108, 5.640863, -30, 500, 0.20000, 0.19823
4109, 5.646141, -30, 500, 0.20000, 0.20038
4110, 5.650863, -30, 500, 0.20000, 0.20326
4111, 5.655475, -30, 500, 0.20000, 0.20002
4112, 5.659466, -30, 500, 0.20000, 0.20002
4113, 5.664147, -30, 500, 0.20000, 0.20074
4114, 5.669200, -30, 500, 0.20000, 0.19967
4115, 5.673193, -30, 500, 0.20000, 0.20002
4116, 5.679154, -30, 500, 0.20000, 0.19823
4117, 5.683886, -30, 500, 0.20000, 0.20182
4118, 5.687847, -30, 500, 0.20000, 0.19895
4119, 5.691737, -30, 500, 0.20000, 0.20002
4120, 5.695419, -30, 500, 0.20000, 0.20002
4121, 5.699649, -30, 500, 0.20000, 0.20002
4122, 5.703464, -30, 500, 0.20000, 0.19931
4123, 5.707870, -30, 500, 0.20000, 0.19967
4124, 5.713784, -30, 500, 0.20000, 0.20146
4125, 5.719266, -30, 500, 0.20000, 0.19859
4126, 5.724862, -30, 500, 0.20000, 0.20146
4127, 5.728983, -30, 500, 0.20000, 0.19931
4128, 5.732741, -30, 500, 0.20000, 0.20002
4129, 5.736783, -30, 500, 0.20000, 0.19967
4130, 5.740938, -30, 500, 0.20000, 0.20218
4131, 5.745143, -30, 500, 0.20000, 0.19967
4132, 5.748887, -30, 500, 0.20000, 0.20614
4133, 5.752657, -30, 500, 0.20000, 0.19787
4134, 5.756918, -30, 500, 0.20000, 0.19895
4135, 5.760954, -30, 500, 0.20000, 0.19499
4136, 5.765225, -30, 500, 0.20000, 0.19715
4137, 5.769251, -30, 500, 0.20000, 0.19967
4138, 5.773271, -30, 500, 0.20000, 0.19715
4139, 5.778151, -30, 500, 0.20000, 0.19967
4140, 5.783897, -30, 500, 0.20000, 0.20074
4141, 5.787993, -30, 500, 0.20000, 0.19751
4142, 5.792196, -30, 500, 0.20000, 0.20290
4143, 5.796675, -30, 500, 0.20000, 0.20074
4144, 5.800738, -30, 500, 0.20000, 0.20038
4145, 5.805650, -30, 500, 0.20000, 0.19895
4146, 5.811148, -30, 500, 0.20000, 0.19931
4147, 5.816911, -30, 500, 0.20000, 0.20002
4148, 5.822871, -30, 500, 0.20000, 0.19859
4149, 5.829700, -30, 500, 0.20000, 0.20002
4150, 5.835404, -30, 500, 0.20000, 0.20110
4151, 5.841403, -30, 500, 0.20000, 0.20074
4152, 5.846950, -30, 500, 0.20000, 0.20074
4153, 5.851466, -30, 500, 0.20000, 0.20254
4154, 5.855651, -30, 500, 0.20000, 0.20038
4155, 5.859808, -30, 500, 0.20000, 0.20002
4156, 5.864125, -30, 500, 0.20000, 0.20038
4157, 5.867941, -30, 500, 0.20000, 0.19643
4158, 5.871854, -30, 500, 0.20000, 0.19320
4159, 5.875962, -30, 500, 0.20000, 0.19967
4160, 5.879865, -30, 500, 0.20000, 0.20074
4161, 5.883811, -30, 500, 0.20000, 0.19967
4162, 5.888806, -30, 500, 0.20000, 0.19859
4163, 5.894792, -30, 500, 0.20000, 0.20002
4164, 5.900708, -30, 500, 0.20000, 0.19895
4165, 5.906148, -30, 500, 0.20000, 0.20002
4166, 5.910211, -30, 500, 0.20000, 0.20326
4167, 5.913947, -30, 500, 0.20000, 0.20182
4168, 5.919701, -30, 500, 0.20000, 0.20002
4169, 5.924483, -30, 500, 0.20000, 0.20002
4170, 5.929945, -30, 500, 0.20000, 0.19895
4171, 5.933996, -30, 500, 0.20000, 0.20002
4172, 5.937998, -30, 500, 0.20000, 0.20002
4173, 5.941913, -30, 500, 0.20000, 0.20650
4174, 5.945935, -30, 500, 0.20000, 0.20290
4175, 5.949963, -30, 500, 0.20000, 0.20038
4176, 5.953927, -30, 500, 0.20000, 0.19967
4177, 5.957982, -30, 500, 0.20000, 0.19931
4178, 5.962167, -30, 500, 0.20000, 0.20038
4179, 5.966245, -30, 500, 0.20000, 0.19967
4180, 5.970168, -30, 500, 0.20000, 0.19967
4181, 5.974125, -30, 500, 0.20000, 0.19967
4182, 5.977988, -30, 500, 0.20000, 0.19967
4183, 5.982213, -30, 500, 0.20000, 0.19859
4184, 5.985943, -30, 500, 0.20000, 0.19931
4185, 5.990215, -30, 500, 0.20000, 0.19967
4186, 5.994403, -30, 500, 0.20000, 0.20074
4187, 6.000217, -30, 500, 0.20000, 0.19967
4188, 6.004700, -30, 500, 0.20000, 0.19895
4189, 6.009948, -30, 500, 0.00000, 0.19967
4190, 6.015483, -30, 500, 0.00000, 0.20038
4191, 6.019701, -30, 500, 0.00000, 0.18421
4192, 6.024162, -30, 500, 0.00000, 0.16408
4193, 6.030150, -30, 500, 0.00000, 0.13424
4194, 6.034147, -30, 500, 0.00000, 0.11052
4195, 6.037851, -30, 500, 0.00000, 0.08788
4196, 6.041902, -30, 500, 0.00000, 0.06811
4197, 6.045959, -30, 500, 0.00000, 0.04438
4198, 6.050147, -30, 500, 0.00000, 0.02533
4199, 6.054257, -30, 500, 0.00000, 0.00736
4200, 6.058873, -30, 500, 0.00000, -0.00666
4201, 6.064857, -30, 500, 0.00000, -0.02140
4202, 6.070200, -30, 500, 0.00000, -0.02859
4203, 6.075701, -30, 500, 0.00000, -0.03003
4204, 6.080849, -30, 500, 0.00000, -0.03074
4205, 6.085896, -30, 500, 0.00000, -0.03362
4206, 6.090866, -30, 500, 0.00000, -0.02823
4207, 6.095904, -30, 500, 0.00000, -0.02320
4208, 6.100147, -30, 500, 0.00000, -0.01744
4209, 6.103953, -30, 500, 0.00000, -0.01529
4210, 6.108714, -30, 500, 0.00000, -0.00846
4211, 6.113860, -30, 500, 0.00000, -0.00486
4212, 6.119628, -30, 500, 0.00000, -0.00163
4213, 6.125175, -30, 500, 0.00000, 0.00269
4214, 6.129746, -30, 500, 0.00000, 0.00233
4215, 6.134729, -30, 500, 0.00000, 0.00233
4216, 6.140155, -30, 500, 0.00000, 0.00556
4217, 6.145973, -30, 500, 0.00000, 0.00448
4218, 6.152406, -30, 500, 0.00000, 0.00916
4219, 6.158435, -30, 500, 0.00000, 0.00340
4220, 6.164229, -30, 500, 0.00000, 0.00340
4221, 6.168796, -30, 500, 0.00000, 0.00233
4222, 6.172466, -30, 500, 0.00000, 0.00125
4223, 6.176625, -30, 500, 0.00000, 0.00089
4224, 6.180642, -30, 500, 0.00000, 0.00197
4225, 6.184467, -30, 500, 0.00000, -0.00199
4226, 6.188649, -30, 500, 0.00000, -0.00235
4227, 6.192689, -30, 500, 0.00000, -0.00235
4228, 6.196466, -30, 500, 0.00000, -0.00019
4229, 6.200865, -30, 500, 0.00000, -0.00163
4230, 6.205163, -30, 500, 0.00000, -0.00163
4231, 6.209329, -30, 500, 0.00000, -0.00163
4232, 6.213471, -30, 500, 0.00000, -0.00163
4233, 6.218122, -30, 500, 0.00000, -0.00163
4234, 6.223327, -30, 500, 0.00000, -0.00019
4235, 6.229428, -30, 500, 0.00000, 0.00233
4236, 6.233486, -30, 500, 0.00000, 0.00017
4237, 6.237676, -30, 500, 0.00000, -0.00127
4238, 6.242152, -30, 500, 0.00000, -0.00235
4239, 6.246175, -30, 500, 0.00000, -0.00019
4240, 6.250221, -30, 500, 0.00000, -0.00235
4241, 6.254295, -30, 500, 0.00000, 0.00017
4242, 6.260241, -30, 500, 0.00000, -0.00199
4243, 6.266403, -30, 500, 0.00000, -0.00055
4244, 6.270469, -30, 500, 0.00000, -0.00091
4245, 6.274900, -30, 500, 0.00000, 0.00269
4246, 6.278912, -30, 500, 0.00000, -0.00127
4247, 6.282792, -30, 500, 0.00000, -0.00486
4248, 6.286738, -30, 500, 0.00000, -0.00091
4249, 6.290739, -30, 500, 0.00000, -0.00019
4250, 6.294993, -30, 500, 0.00000, 0.00089
4251, 6.298917, -30, 500, 0.00000, 0.00017
4252, 6.302983, -30, 500, 0.00000, 0.00161
4253, 6.306931, -30, 500, 0.00000, 0.00376
4254, 6.311125, -30, 500, 0.00000, 0.00053
4255, 6.314928, -30, 500, 0.00000, 0.00017
4256, 6.318898, -30, 500, 0.00000, 0.00017
4257, 6.322780, -30, 500, 0.00000, -0.00019
4258, 6.327129, -30, 500, 0.00000, 0.00017
4259, 6.332668, -30, 500, 0.00000, 0.00233
4260, 6.337403, -30, 500, 0.00000, 0.00053
4261, 6.342857, -30, 500, 0.00000, -0.00019
4262, 6.347649, -30, 500, 0.00000, -0.00019
4263, 6.351480, -30, 500, 0.00000, 0.00053
4264, 6.356148, -30, 500, 0.00000, 0.00017
4265, 6.361403, -30, 500, 0.00000, -0.00019
4266, 6.366718, -30, 500, 0.00000, -0.00271
4267, 6.371942, -30, 500, 0.00000, 0.00053
4268, 6.377127, -30, 500, 0.00000, 0.00017
4269, 6.381975, -30, 500, 0.00000, 0.00017
4270, 6.387807, -30, 500, 0.00000, -0.00055
4271, 6.392404, -30, 500, 0.00000, -0.00019
4272, 6.397855, -30, 500, 0.00000, 0.00089
4273, 6.403307, -30, 500, 0.00000, 0.00017
4274, 6.407922, -30, 500, 0.00000, -0.00055
4275, 6.412906, -30, 500, 0.00000, -0.00127
4276, 6.418966, -30, 500, 0.00000, -0.00019
4277, 6.424494, -30, 500, 0.00000, -0.00019
4278, 6.428676, -30, 500, 0.00000, 0.00053
4279, 6.433168, -30, 500, 0.00000, 0.00053
4280, 6.437141, -30, 500, 0.00000, 0.00017
4281, 6.442456, -30, 500, 0.00000, -0.00271
4282, 6.448412, -30, 500, 0.00000, 0.00017
4283, 6.452901, -30, 500, 0.00000, -0.00199
4284, 6.457404, -30, 500, 0.00000, 0.00125
4285, 6.461821, -30, 500, 0.00000, -0.00091
4286, 6.467224, -30, 500, 0.00000, -0.00019
4287, 6.473403, -30, 500, 0.00000, -0.00091
4288, 6.479415, -30, 500, 0.00000, 0.00017
4289, 6.485743, -30, 500, 0.00000, 0.00053
4290, 6.490806, -30, 500, 0.00000, -0.00055
4291, 6.494819, -30, 500, 0.00000, -0.00055
4292, 6.499486, -30, 500, 0.00000, -0.00019
4293, 6.503706, -30, 500, 0.00000, 0.00017
4294, 6.508154, -30, 500, 0.00000, 0.00125
4295, 6.512400, -30, 500, 0.00000, 0.00053
4296, 6.516851, -30, 500, 0.00000, -0.00055
4297, 6.521766, -30, 500, 0.00000, -0.00019
4298, 6.525652, -30, 500, 0.00000, -0.00199
4299, 6.530148, -30, 500, 0.00000, 0.00053
4300, 6.533967, -30, 500, 0.00000, -0.00019
4301, 6.538741, -30, 500, 0.00000, -0.00019
4302, 6.543634, -30, 500, 0.00000, -0.00199
4303, 6.547649, -30, 500, 0.00000, 0.00017
4304, 6.553425, -30, 500, 0.00000, -0.00019
4305, 6.558951, -30, 500, 0.00000, -0.00486
4306, 6.565646, -30, 500, 0.00000, 0.00017
4307, 6.570491, -30, 500, 0.00000, 0.00017
4308, 6.575165, -30, 500, 0.00000, 0.00017
4309, 6.580953, -30, 500, 0.00000, 0.00233
4310, 6.586141, -30, 500, 0.00000, -0.00055
4311, 6.591852, -30, 500, 0.00000, -0.00019
4312, 6.597951, -30, 500, 0.00000, -0.00019
4313, 6.603176, -30, 500, 0.00000, -0.00271
4314, 6.609403, -30, 500, 0.00000, -0.00091
4315, 6.615342, -30, 500, 0.00000, 0.00089
4316, 6.621200, -30, 500, 0.00000, -0.00019
4317, 6.627416, -30, 500, 0.00000, -0.00163
4318, 6.632176, -30, 500, 0.00000, 0.00017
4319, 6.637407, -30, 500, 0.00000, -0.00055
4320, 6.643149, -30, 500, 0.00000, 0.00053
4321, 6.648653, -30, 500, 0.00000, -0.00163
4322, 6.653240, -30, 500, 0.00000, 0.00017
4323, 6.657403, -30, 500, 0.00000, -0.00702
4324, 6.663700, -30, 500, 0.00000, 0.00017
4325, 6.669668, -30, 500, 0.00000, -0.00091
4326, 6.675656, -30, 500, 0.00000, -0.00199
4327, 6.680978, -30, 500, 0.00000, 0.00053
4328, 6.685403, -30, 500, 0.00000, -0.00019
4329, 6.690402, -30, 500, 0.00000, -0.00055
4330, 6.695838, -30, 500, 0.00000, -0.00019
4331, 6.700814, -30, 500, 0.00000, -0.00055
4332, 6.705240, -30, 500, 0.00000, -0.00199
4333, 6.710153, -30, 500, 0.00000, -0.00558
4334, 6.715155, -30, 500, 0.00000, 0.00233
4335, 6.719720, -30, 500, 0.00000, 0.00412
4336, 6.723966, -30, 500, 0.00000, -0.00055
4337, 6.728246, -30, 500, 0.00000, -0.00091
4338, 6.732291, -30, 500, 0.00000, -0.00019
4339, 6.736404, -30, 500, 0.00000, -0.00019
4340, 6.740403, -30, 500, 0.00000, 0.00089
4341, 6.744403, -30, 500, 0.00000, -0.00055
4342, 6.748901, -30, 500, 0.00000, 0.00053
4343, 6.752824, -30, 500, 0.00000, -0.00019
4344, 6.757166, -30, 500, 0.00000, -0.00199
4345, 6.761404, -30, 500, 0.00000, -0.00055
4346, 6.765474, -30, 500, 0.00000, 0.00017
4347, 6.769831, -30, 500, 0.00000, -0.00019
4348, 6.773843, -30, 500, 0.00000, -0.00019
4349, 6.778299, -30, 500, 0.00000, -0.00163
4350, 6.783269, -30, 500, 0.00000, -0.00127
4351, 6.787676, -30, 500, 0.00000, -0.00127
4352, 6.792184, -30, 500, 0.00000, -0.00091
4353, 6.797237, -30, 500, 0.00000, 0.00304
4354, 6.803403, -30, 500, 0.00000, 0.00161
4355, 6.808142, -30, 500, 0.00000, -0.00091
4356, 6.813467, -30, 500, 0.00000, -0.00235
4357, 6.817783, -30, 500, 0.00000, -0.00055
4358, 6.821837, -30, 500, 0.00000, -0.00055
4359, 6.827154, -30, 500, 0.00000, 0.00089
4360, 6.832966, -30, 500, 0.00000, 0.00017
4361, 6.838716, -30, 500, 0.00000, -0.00163
4362, 6.844723, -30, 500, 0.00000, 0.00053
4363, 6.849465, -30, 500, 0.00000, -0.00055
4364, 6.854176, -30, 500, 0.00000, 0.00017
4365, 6.858173, -30, 500, 0.00000, 0.00304
4366, 6.861913, -30, 500, 0.00000, 0.00089
4367, 6.865975, -30, 500, 0.00000, -0.00055
4368, 6.870324, -30, 500, 0.00000, -0.00091
4369, 6.874485, -30, 500, 0.00000, 0.00017
4370, 6.878656, -30, 500, 0.00000, -0.00091
4371, 6.883835, -30, 500, 0.00000, -0.00055
4372, 6.888733, -30, 500, 0.00000, 0.00017
4373, 6.893404, -30, 500, 0.00000, -0.00055
4374, 6.898700, -30, 500, 0.00000, 0.00161
4375, 6.903763, -30, 500, 0.00000, 0.00233
4376, 6.908208, -30, 500, 0.00000, 0.00017
4377, 6.913226, -30, 500, 0.00000, 0.00017
4378, 6.918287, -30, 500, 0.00000, 0.00089
4379, 6.922780, -30, 500, 0.00000, -0.00055
4380, 6.928207, -30, 500, 0.00000, 0.00053
4381, 6.932913, -30, 500, 0.00000, -0.00127
4382, 6.938215, -30, 500, 0.00000, -0.00127
4383, 6.943904, -30, 500, 0.00000, -0.00019
4384, 6.949295, -30, 500, 0.00000, -0.00163
4385, 6.955465, -30, 500, 0.00000, -0.00055
4386, 6.961936, -30, 500, 0.00000, -0.00019
4387, 6.967932, -30, 500, 0.00000, -0.00055
4388, 6.973903, -30, 500, 0.00000, 0.00089
4389, 6.979247, -30, 500, 0.00000, 0.00125
4390, 6.984404, -30, 500, 0.00000, -0.00019
4391, 6.988823, -30, 500, 0.00000, 0.00089
4392, 6.994656, -30, 500, 0.00000, 0.00556
4393, 6.999849, -30, 500, 0.00000, -0.00019
4394, 7.006123, -30, 500, 0.00000, -0.00091
4395, 7.011205, -30, 500, 0.20000, 0.00017
4396, 7.015701, -30, 500, 0.20000, 0.00017
4397, 7.021305, -30, 500, 0.20000, 0.01670
4398, 7.027182, -30, 500, 0.20000, 0.04330
4399, 7.032653, -30, 500, 0.20000, 0.07206
4400, 7.037717, -30, 500, 0.20000, 0.10693
4401, 7.042675, -30, 500, 0.20000, 0.13460
4402, 7.048222, -30, 500, 0.20000, 0.16192
4403, 7.054914, -30, 500, 0.20000, 0.18529
4404, 7.060645, -30, 500, 0.20000, 0.20793
4405, 7.065210, -30, 500, 0.20000, 0.21908
4406, 7.069166, -30, 500, 0.20000, 0.22519
4407, 7.073464, -30, 500, 0.20000, 0.23058
4408, 7.077677, -30, 500, 0.20000, 0.23202
4409, 7.081780, -30, 500, 0.20000, 0.23202
4410, 7.085716, -30, 500, 0.20000, 0.23166
4411, 7.089839, -30, 500, 0.20000, 0.23561
4412, 7.094701, -30, 500, 0.20000, 0.22591
4413, 7.099669, -30, 500, 0.20000, 0.21979
4414, 7.105122, -30, 500, 0.20000, 0.21261
4415, 7.110403, -30, 500, 0.20000, 0.20865
4416, 7.114972, -30, 500, 0.20000, 0.20614
4417, 7.119494, -30, 500, 0.20000, 0.20182
4418, 7.124235, -30, 500, 0.20000, 0.19643
4419, 7.129231, -30, 500, 0.20000, 0.19679
4420, 7.134919, -30, 500, 0.20000, 0.19499
4421, 7.140414, -30, 500, 0.20000, 0.19068
4422, 7.146404, -30, 500, 0.20000, 0.19320
4423, 7.151715, -30, 500, 0.20000, 0.19499
4424, 7.156148, -30, 500, 0.20000, 0.19391
4425, 7.160402, -30, 500, 0.20000, 0.19427
4426, 7.164404, -30, 500, 0.20000, 0.19607
4427, 7.168652, -30, 500, 0.20000, 0.19284
4428, 7.172917, -30, 500, 0.20000, 0.19643
4429, 7.177420, -30, 500, 0.20000, 0.19823
4430, 7.181402, -30, 500, 0.20000, 0.20074
4431, 7.185652, -30, 500, 0.20000, 0.19859
4432, 7.190212, -30, 500, 0.20000, 0.20218
4433, 7.194218, -30, 500, 0.20000, 0.20110
4434, 7.197980, -30, 500, 0.20000, 0.20110
4435, 7.202165, -30, 500, 0.20000, 0.20110
4436, 7.205962, -30, 500, 0.20000, 0.20002
4437, 7.210216, -30, 500, 0.20000, 0.20182
4438, 7.215404, -30, 500, 0.20000, 0.20290
4439, 7.221719, -30, 500, 0.20000, 0.20038
4440, 7.227655, -30, 500, 0.20000, 0.20506
4441, 7.232718, -30, 500, 0.20000, 0.20074
4442, 7.236918, -30, 500, 0.20000, 0.20182
4443, 7.241430, -30, 500, 0.20000, 0.20038
4444, 7.247219, -30, 500, 0.20000, 0.20578
4445, 7.252916, -30, 500, 0.20000, 0.20038
4446, 7.258737, -30, 500, 0.20000, 0.19967
4447, 7.264665, -30, 500, 0.20000, 0.20002
4448, 7.270656, -30, 500, 0.20000, 0.19967
4449, 7.276415, -30, 500, 0.20000, 0.19967
4450, 7.282677, -30, 500, 0.20000, 0.20434
4451, 7.288733, -30, 500, 0.20000, 0.19895
4452, 7.293156, -30, 500, 0.20000, 0.20146
4453, 7.297149, -30, 500, 0.20000, 0.20002
4454, 7.300843, -30, 500, 0.20000, 0.20146
4455, 7.305215, -30, 500, 0.20000, 0.19823
4456, 7.309325, -30, 500, 0.20000, 0.20002
4457, 7.313419, -30, 500, 0.20000, 0.20038
4458, 7.317701, -30, 500, 0.20000, 0.19931
4459, 7.322241, -30, 500, 0.20000, 0.19967
4460, 7.327234, -30, 500, 0.20000, 0.20074
4461, 7.333143, -30, 500, 0.20000, 0.20074
4462, 7.338899, -30, 500, 0.20000, 0.19895
4463, 7.343683, -30, 500, 0.20000, 0.19967
4464, 7.347907, -30, 500, 0.20000, 0.19715
4465, 7.353944, -30, 500, 0.20000, 0.19931
4466, 7.359299, -30, 500, 0.20000, 0.19859
4467, 7.365411, -30, 500, 0.20000, 0.20002
4468, 7.371418, -30, 500, 0.20000, 0.19571
4469, 7.376843, -30, 500, 0.20000, 0.19931
4470, 7.382876, -30, 500, 0.20000, 0.20002
4471, 7.388176, -30, 500, 0.20000, 0.19787
4472, 7.392916, -30, 500, 0.20000, 0.19751
4473, 7.398739, -30, 500, 0.20000, 0.19931
4474, 7.404828, -30, 500, 0.20000, 0.19895
4475, 7.409215, -30, 500, 0.20000, 0.19967
4476, 7.414404, -30, 500, 0.20000, 0.20002
4477, 7.419402, -30, 500, 0.20000, 0.19967
4478, 7.423984, -30, 500, 0.20000, 0.19967
4479, 7.428146, -30, 500, 0.20000, 0.19931
4480, 7.433125, -30, 500, 0.20000, 0.19931
4481, 7.437938, -30, 500, 0.20000, 0.19859
4482, 7.442403, -30, 500, 0.20000, 0.19967
4483, 7.447466, -30, 500, 0.20000, 0.20038
4484, 7.452318, -30, 500, 0.20000, 0.19823
4485, 7.456404, -30, 500, 0.20000, 0.19607
4486, 7.461921, -30, 500, 0.20000, 0.19931
4487, 7.467251, -30, 500, 0.20000, 0.20074
4488, 7.472738, -30, 500, 0.20000, 0.19931
4489, 7.478235, -30, 500, 0.20000, 0.20290
4490, 7.482176, -30, 500, 0.20000, 0.20002
4491, 7.486154, -30, 500, 0.20000, 0.20254
4492, 7.489921, -30, 500, 0.20000, 0.19967
4493, 7.494238, -30, 500, 0.20000, 0.19967
4494, 7.498182, -30, 500, 0.20000, 0.20002
4495, 7.502171, -30, 500, 0.20000, 0.20002
4496, 7.506134, -30, 500, 0.20000, 0.19823
4497, 7.509964, -30, 500, 0.20000, 0.19967
4498, 7.514176, -30, 500, 0.20000, 0.20146
4499, 7.517921, -30, 500, 0.20000, 0.20398
4500, 7.522675, -30, 500, 0.20000, 0.19931
4501, 7.526469, -30, 500, 0.20000, 0.20074
4